Instance	Generations	AdjSwap	Swap	Insertion	Reversal	3opt	BlockMove	BlockSwap	Cycle	Scramble	Uniform
1	1	2220	2114	2116	2024	2132	2186	2190	2036	2060	2072
1	10	2212	2008	1998	1956	2046	1940	2098	1858	2004	2072
1	100	2134	1404	1330	1656	1930	1700	1890	1534	1820	1774
1	1000	1566	388	250	1004	1678	900	1472	804	854	1606
1	10000	1076	100	8	264	1346	170	654	200	516	1356
2	1	2264	2146	2080	2096	2132	2056	2156	2092	2128	2092
2	10	2258	1968	1908	1940	1992	1866	1904	1992	2070	2036
2	100	2174	1298	1262	1666	1848	1422	1732	1408	1780	1672
2	1000	1582	350	312	818	1616	808	1394	730	852	1514
2	10000	898	100	22	182	1314	180	806	120	484	1300
3	1	2190	2044	2158	2070	2210	2006	2032	2154	2102	2102
3	10	2184	2034	2064	1894	2064	1938	1968	2002	2010	1778
3	100	2124	1176	1240	1624	1886	1716	1772	1388	1464	1700
3	1000	1548	340	290	1170	1734	942	1494	800	878	1386
3	10000	850	0	32	222	1402	150	808	286	606	1362
4	1	1976	2066	2036	2034	2070	2216	2088	2122	2190	2116
4	10	1968	1966	1960	2000	2060	2034	2058	1874	2090	1980
4	100	1884	1232	1254	1718	1834	1612	1888	1348	1714	1838
4	1000	1380	308	208	1140	1516	852	1588	718	878	1478
4	10000	956	100	20	374	1130	122	804	246	658	1336
5	1	2176	2154	2152	2036	2132	2082	2128	2166	2156	2162
5	10	2166	2006	1998	1920	1932	2066	2036	2014	2048	2068
5	100	2078	1338	1244	1502	1678	1678	1790	1442	1766	1816
5	1000	1490	368	268	1050	1628	976	1494	716	800	1602
5	10000	782	100	8	230	1334	124	782	160	570	1258
6	1	2096	2136	2138	2028	2132	2142	2170	2094	2088	2140
6	10	2090	2030	2066	1986	2076	2072	2010	1970	1938	1980
6	100	2008	1340	1322	1770	1986	1672	1906	1484	1630	1844
6	1000	1436	362	276	898	1758	892	1514	796	840	1622
6	10000	844	100	22	432	1248	186	848	218	462	1318
7	1	2228	1996	2148	2080	2126	2176	2024	2178	2156	2112
7	10	2220	1920	2070	2014	2042	2088	2008	2022	2000	1992
7	100	2134	1218	1446	1768	1898	1810	1740	1464	1658	1742
7	1000	1528	384	336	1128	1620	1084	1474	638	844	1580
7	10000	896	100	0	244	1302	158	908	176	410	1352
8	1	2220	2070	2102	2120	2028	2152	1976	2168	2060	2194
8	10	2214	1988	2008	1892	2028	2028	1902	2014	1954	2148
8	100	2144	1206	1288	1778	1980	1756	1862	1364	1576	1792
8	1000	1490	354	290	1160	1804	986	1594	796	732	1508
8	10000	802	0	4	354	1360	160	792	154	474	1448
9	1	2146	2126	2160	2090	2120	2184	2150	2066	2138	2156
9	10	2142	2050	2036	1906	1944	1956	1972	1996	2042	1994
9	100	2064	1252	1292	1650	1882	1764	1778	1424	1536	1780
9	1000	1476	378	260	1074	1780	1048	1442	808	690	1574
9	10000	854	100	0	366	1458	156	810	142	334	1326
10	1	2114	2088	2164	2106	1962	2054	1952	1974	2136	2178
10	10	2104	2024	2064	2026	1962	1940	1922	1790	2072	1886
10	100	2010	1332	1266	1780	1868	1680	1802	1384	1796	1800
10	1000	1444	278	284	1040	1498	868	1310	722	1036	1582
10	10000	680	0	0	382	1294	152	710	190	600	1344
11	1	2050	2174	2098	2210	2064	2214	1968	2118	2152	2084
11	10	2044	2020	2006	2020	2054	2062	1944	2004	1992	1914
11	100	1962	1272	1232	1774	1952	1644	1812	1542	1684	1716
11	1000	1394	434	302	998	1648	938	1566	776	772	1480
11	10000	786	100	18	284	1200	160	996	216	386	1332
12	1	2178	2194	2194	2170	2076	2162	2164	2060	2170	2054
12	10	2172	2118	2058	2056	2076	1920	2008	1824	1940	2054
12	100	2086	1364	1374	1618	1866	1756	1900	1466	1652	1818
12	1000	1514	362	290	1002	1686	924	1576	778	862	1544
12	10000	918	100	26	342	1208	164	806	178	510	1340
13	1	2176	2148	2162	2108	1966	2206	2054	2122	2152	2080
13	10	2166	2002	2048	2014	1966	2074	2028	1982	1948	1874
13	100	2090	1374	1320	1670	1934	1840	1800	1364	1702	1840
13	1000	1506	376	326	1010	1760	886	1516	722	1034	1630
13	10000	892	100	10	260	1370	122	944	184	640	1384
14	1	2208	2028	2078	2054	2022	2130	2024	2118	2028	1998
14	10	2204	1938	1960	1950	2022	1884	1972	2050	2012	1976
14	100	2118	1344	1274	1658	1954	1608	1772	1486	1624	1944
14	1000	1598	418	288	1064	1710	918	1476	884	838	1568
14	10000	1062	300	18	350	1340	132	1038	274	554	1376
15	1	2098	2076	1994	2192	2052	2166	2196	2068	2116	2136
15	10	2094	1958	1900	2090	2020	2080	1902	1888	2040	1968
15	100	2006	1178	1262	1678	1820	1772	1862	1312	1390	1720
15	1000	1418	326	274	1116	1666	892	1496	766	678	1562
15	10000	890	100	12	204	1214	128	790	188	368	1362
16	1	2270	2114	2200	2106	2018	2150	2064	1972	2104	1982
16	10	2262	2040	2090	2048	2018	1944	2054	1820	2046	1982
16	100	2190	1348	1342	1816	1862	1800	1830	1490	1596	1802
16	1000	1578	330	246	954	1650	958	1500	664	804	1530
16	10000	948	0	16	262	1332	102	924	166	462	1418
17	1	2100	2116	2080	2042	2168	2100	2124	2144	2176	2228
17	10	2092	1964	1936	2022	1996	1988	2050	1934	2012	1986
17	100	2024	1372	1230	1588	1776	1552	1746	1370	1698	1698
17	1000	1454	408	314	968	1566	836	1254	778	724	1592
17	10000	908	100	24	310	1290	142	764	214	362	1276
18	1	2118	2098	2144	2080	2044	2038	2198	2184	2092	2186
18	10	2114	1942	2056	2012	2044	1974	2100	2018	2024	2040
18	100	2034	1292	1372	1750	1866	1668	1740	1516	1562	1812
18	1000	1524	366	294	870	1686	982	1458	796	952	1544
18	10000	812	200	12	258	1276	178	874	182	740	1392
19	1	2148	2076	2078	2112	1992	2088	2022	2098	2278	2048
19	10	2144	1882	2028	1916	1868	1944	2022	2044	1972	1972
19	100	2072	1290	1278	1620	1864	1768	1830	1434	1684	1740
19	1000	1488	356	284	902	1746	844	1542	640	934	1636
19	10000	1016	0	16	204	1334	144	824	160	630	1376
20	1	2074	2106	2200	2012	2196	2190	2170	2210	2184	2144
20	10	2068	1970	2084	1988	2096	2020	2048	2068	1982	2066
20	100	1986	1334	1278	1656	1948	1696	1804	1436	1668	1820
20	1000	1372	412	286	876	1676	942	1384	638	866	1618
20	10000	760	200	2	230	1346	144	742	198	632	1366
21	1	2150	2120	2148	2042	2060	2008	2140	2162	2166	2106
21	10	2144	2034	2062	1976	2022	2008	2032	2058	2020	1976
21	100	2066	1264	1284	1784	1802	1782	1650	1418	1700	1756
21	1000	1566	352	246	1166	1678	880	1216	696	938	1492
21	10000	914	100	32	294	1446	134	752	168	682	1282
22	1	2158	2132	2182	2062	2076	2172	2142	2024	2142	2162
22	10	2148	2022	2060	2040	2038	1994	2040	1888	2038	2002
22	100	2078	1408	1354	1674	1946	1728	1898	1404	1662	1742
22	1000	1490	396	304	910	1812	896	1492	706	1000	1574
22	10000	1114	0	20	268	1310	144	716	196	638	1348
23	1	2032	2084	2224	2088	2112	2034	2136	2176	2142	2106
23	10	2022	2006	2100	2040	1952	2034	2078	2042	1948	1858
23	100	1938	1252	1286	1706	1848	1760	1808	1380	1592	1790
23	1000	1370	324	290	894	1564	1012	1558	752	592	1522
23	10000	560	0	0	448	1232	194	866	178	424	1338
24	1	2144	2062	2100	2154	2078	2104	2108	2152	2080	2128
24	10	2134	1834	1990	2046	2050	2056	1988	2012	2014	2064
24	100	2048	1280	1290	1602	1918	1706	1858	1354	1726	1700
24	1000	1514	324	244	1102	1632	970	1436	810	1002	1600
24	10000	1018	100	24	390	1388	166	786	170	674	1438
25	1	2124	2188	2136	2078	2156	2164	2192	2126	2138	2134
25	10	2116	2044	1990	1954	2066	1998	2076	2064	2010	1996
25	100	2044	1236	1290	1576	1882	1676	1834	1360	1602	1838
25	1000	1486	378	302	1058	1702	998	1514	676	828	1532
25	10000	840	100	28	356	1334	114	766	174	578	1352
26	1	2146	2154	2142	2110	1998	2040	2148	2066	2174	2100
26	10	2138	2028	2026	2076	1998	1858	2040	1892	2014	2006
26	100	2082	1280	1276	1790	1942	1742	1806	1448	1682	1750
26	1000	1536	352	306	1016	1620	990	1294	716	1080	1546
26	10000	1092	0	10	238	1296	140	716	156	726	1300
27	1	2194	2146	2246	2038	2150	2196	2182	2086	2226	2078
27	10	2186	1966	2158	1992	2066	1968	2004	1954	2012	2068
27	100	2116	1362	1434	1548	1840	1626	1848	1338	1550	1834
27	1000	1552	378	272	990	1622	884	1622	706	806	1518
27	10000	826	100	2	276	1392	140	942	122	530	1368
28	1	2170	2190	2112	2122	2196	2162	2118	2160	2116	2174
28	10	2162	2038	1982	2070	2056	2048	2066	2016	2048	2058
28	100	2090	1304	1220	1692	1968	1540	1764	1430	1604	1838
28	1000	1506	356	266	1066	1700	948	1352	742	742	1508
28	10000	732	200	4	280	1142	148	706	148	552	1422
29	1	2112	2122	2230	2082	2202	2104	2134	2028	2066	2176
29	10	2106	1994	2114	1996	2044	2012	2040	1906	1950	1996
29	100	2028	1364	1358	1752	1770	1652	1816	1396	1730	1858
29	1000	1456	394	274	1116	1746	1036	1372	734	948	1568
29	10000	952	200	18	238	1516	174	908	168	518	1378
30	1	2082	2122	2134	1952	2140	2108	2120	2124	2078	2082
30	10	2072	1954	2060	1938	2074	2012	2022	2014	1892	2034
30	100	1998	1384	1224	1620	1738	1646	1794	1368	1528	1788
30	1000	1428	352	264	948	1712	1002	1368	780	500	1572
30	10000	698	0	30	264	1234	146	804	184	188	1410
31	1	2198	2152	2162	2098	2070	2134	2172	2182	2136	2186
31	10	2192	2038	2062	1970	2010	1992	1978	2010	1994	2046
31	100	2108	1432	1268	1552	1864	1612	1560	1416	1672	1872
31	1000	1490	418	290	1084	1804	876	1430	778	946	1646
31	10000	960	200	26	414	1406	192	830	122	586	1362
32	1	2016	2112	2076	2098	2052	2036	2082	2098	2162	2072
32	10	2008	1916	2008	1870	1984	1986	1978	1988	2050	2022
32	100	1926	1348	1336	1658	1868	1734	1760	1468	1700	1868
32	1000	1344	386	286	1100	1708	1068	1446	800	888	1540
32	10000	828	0	20	378	1298	114	788	156	500	1354
33	1	2174	2128	1994	2136	2134	2178	2088	2128	2038	2102
33	10	2166	2048	1900	2040	1930	2108	2052	2056	1964	1922
33	100	2092	1344	1152	1642	1836	1698	1870	1288	1522	1788
33	1000	1548	388	302	1132	1718	944	1454	762	944	1606
33	10000	952	100	16	452	1336	166	868	188	594	1406
34	1	2132	2120	2058	2120	2118	2044	2126	2138	2010	2050
34	10	2124	2000	1904	2028	2066	1954	2068	2014	1948	1968
34	100	2060	1318	1194	1704	1904	1472	1774	1290	1484	1730
34	1000	1568	336	296	962	1536	904	1390	780	710	1584
34	10000	872	0	16	246	1248	110	718	142	392	1430
35	1	2132	2188	2072	2156	2126	2126	2158	2022	2096	2098
35	10	2126	2044	1964	1938	2034	2060	1842	1954	2064	1954
35	100	2064	1382	1400	1618	1832	1744	1760	1482	1622	1788
35	1000	1546	398	262	910	1714	926	1512	762	898	1626
35	10000	994	100	24	290	1330	176	856	186	582	1362
36	1	2050	2152	2254	2094	2156	2118	2088	2238	2072	2024
36	10	2040	2016	2134	2072	2076	1962	2030	1916	1970	1786
36	100	1966	1270	1352	1728	1996	1638	1900	1496	1630	1666
36	1000	1432	396	232	1060	1706	930	1552	772	838	1558
36	10000	878	200	0	184	1302	132	586	182	410	1338
37	1	2190	2096	2144	2012	2094	2162	2188	2162	2162	2104
37	10	2176	1896	2042	1998	2092	1976	1984	1962	1962	2036
37	100	2088	1220	1248	1688	1880	1606	1742	1400	1694	1818
37	1000	1610	386	236	986	1620	888	1526	682	1030	1602
37	10000	840	300	30	140	1370	126	828	220	598	1340
38	1	2190	2140	2126	2104	2096	2162	2162	2196	2126	2016
38	10	2182	2008	1996	1968	2026	1906	2032	2022	2004	1908
38	100	2114	1322	1310	1880	1986	1638	1834	1434	1680	1814
38	1000	1536	360	318	1132	1710	992	1422	696	870	1674
38	10000	938	100	2	398	1350	180	774	140	452	1252
39	1	2242	2088	2108	1962	2134	2152	1996	2214	2142	2104
39	10	2236	1944	1970	1870	1972	1948	1996	2090	1842	2054
39	100	2170	1364	1276	1624	1854	1852	1842	1428	1446	1748
39	1000	1588	360	330	984	1718	884	1602	790	858	1578
39	10000	792	100	30	342	1218	150	730	168	568	1374
40	1	2010	2156	2182	2148	2206	2202	2150	2212	2084	2156
40	10	2004	2026	2090	2054	2122	1970	2084	2042	2002	1988
40	100	1932	1384	1184	1754	1908	1800	1774	1542	1674	1768
40	1000	1426	500	242	1020	1734	1048	1412	892	652	1466
40	10000	846	200	6	216	1266	198	898	242	432	1410
41	1	2196	2098	2136	2092	2142	2122	2152	1906	2116	2080
41	10	2188	1996	2058	2026	2054	2008	2098	1748	2048	2050
41	100	2112	1312	1400	1612	1894	1772	1816	1386	1672	1802
41	1000	1590	352	284	1026	1796	1022	1536	734	902	1522
41	10000	1220	100	26	314	1440	148	856	158	550	1342
42	1	2076	2200	2166	2174	2140	2172	2124	2112	2066	2038
42	10	2066	2024	2068	1984	2000	2026	1884	2026	1962	2012
42	100	2000	1360	1414	1476	1852	1690	1678	1308	1682	1846
42	1000	1464	366	284	866	1668	874	1378	700	842	1524
42	10000	888	200	4	430	1068	124	786	174	602	1390
43	1	2228	2046	1998	2128	2116	2152	1992	2090	2174	2100
43	10	2220	1942	1848	2024	1950	2114	1882	1852	1968	1904
43	100	2130	1272	1188	1756	1934	1802	1774	1358	1668	1806
43	1000	1528	352	260	950	1680	968	1584	796	798	1598
43	10000	1034	100	4	226	1288	144	736	266	342	1320
44	1	2158	2220	2196	2140	2142	2122	2064	2204	2160	2220
44	10	2152	2144	2060	1978	2080	1978	1982	2098	2026	1986
44	100	2066	1294	1398	1718	1882	1560	1884	1464	1692	1892
44	1000	1480	334	296	1176	1646	858	1614	782	776	1508
44	10000	934	0	10	408	1390	142	942	128	414	1426
45	1	2194	2196	2132	2172	2164	2110	1994	2124	2094	1998
45	10	2188	2050	2090	2010	2094	2022	1994	1962	2040	1986
45	100	2104	1370	1368	1632	1964	1800	1780	1518	1600	1890
45	1000	1570	438	328	898	1670	1078	1570	830	832	1636
45	10000	784	100	36	454	1316	158	744	206	388	1378
46	1	2166	2116	2110	2184	2148	2092	2120	2180	2006	2122
46	10	2156	1974	2034	2104	1980	1998	2074	1876	1936	1952
46	100	2084	1296	1322	1558	1968	1716	1804	1376	1692	1742
46	1000	1466	426	276	866	1712	962	1454	802	954	1590
46	10000	808	0	12	260	1268	152	700	198	786	1382
47	1	2022	2168	2248	2066	2030	2130	2078	2152	2126	2060
47	10	2012	2026	2086	1970	1974	1882	1976	1998	2048	1982
47	100	1926	1330	1290	1626	1784	1446	1816	1432	1580	1834
47	1000	1348	290	298	1008	1690	1036	1484	728	846	1678
47	10000	720	0	16	416	1142	160	786	162	560	1370
48	1	2188	2110	2152	2118	2150	2198	2080	2102	2116	2096
48	10	2178	1952	2038	1916	2064	2032	2014	2014	2068	2038
48	100	2104	1318	1290	1546	1872	1572	1760	1478	1638	1634
48	1000	1620	340	268	892	1650	786	1492	756	796	1482
48	10000	1006	0	6	386	1266	134	940	178	320	1338
49	1	2098	2062	2192	2094	2094	1934	2136	2216	2164	2090
49	10	2090	1982	2068	1990	2064	1798	2030	1966	1928	1920
49	100	2008	1184	1312	1692	1858	1536	1710	1460	1590	1826
49	1000	1502	346	276	1100	1578	968	1394	646	944	1600
49	10000	852	0	12	166	1244	180	774	138	468	1344
50	1	2158	2152	2176	2044	2106	2114	2018	2156	2042	2188
50	10	2148	2030	2070	1968	2048	2002	1872	1946	1832	2106
50	100	2068	1320	1406	1718	1950	1742	1834	1280	1444	1834
50	1000	1558	440	298	1054	1720	802	1618	656	856	1570
50	10000	876	300	6	250	1296	134	828	240	474	1350
51	1	2006	2128	2054	2010	2126	2080	2142	2188	2094	2102
51	10	1998	2062	1982	1894	2026	1990	1942	2076	1988	1950
51	100	1922	1382	1416	1566	1812	1764	1708	1400	1670	1812
51	1000	1340	360	282	1050	1660	1106	1418	790	856	1638
51	10000	672	0	4	258	1322	162	842	186	660	1360
52	1	2164	2104	2000	2132	2052	2068	2124	2178	2056	2084
52	10	2154	2000	1872	1996	1956	1998	1948	2066	2042	2078
52	100	2074	1270	1370	1660	1766	1606	1826	1434	1536	1748
52	1000	1448	316	274	992	1710	1012	1404	808	822	1530
52	10000	780	0	4	168	1220	142	842	170	504	1392
53	1	2112	2042	1944	2094	2140	2090	2166	2192	2088	2086
53	10	2102	1970	1786	1990	2038	1990	2086	1996	1956	2024
53	100	2040	1250	1198	1718	1892	1854	1914	1308	1650	1892
53	1000	1598	372	264	1020	1712	1160	1538	762	782	1548
53	10000	1116	200	34	476	1224	132	756	216	546	1410
54	1	2026	2132	2056	2142	2048	1970	2042	2240	2048	2144
54	10	2020	1984	1964	1932	1970	1918	1934	2112	1882	2044
54	100	1944	1286	1270	1684	1890	1638	1876	1374	1482	1796
54	1000	1360	354	314	1108	1764	894	1442	732	860	1624
54	10000	758	0	24	198	1224	164	856	140	528	1336
55	1	2074	2126	2192	2112	2088	2042	2148	1974	2106	2048
55	10	2068	1984	2098	1958	1952	1898	1972	1904	1960	1984
55	100	2000	1336	1340	1650	1864	1668	1938	1318	1772	1868
55	1000	1388	354	336	976	1744	984	1454	732	864	1576
55	10000	730	0	36	280	1326	140	888	176	464	1292
56	1	2128	2124	1944	2112	2210	2202	2142	2144	2094	2138
56	10	2122	2088	1860	2082	2022	2034	2040	1984	1966	1956
56	100	2040	1354	1322	1804	1898	1666	1738	1516	1570	1742
56	1000	1432	366	284	898	1724	914	1498	726	886	1586
56	10000	844	0	24	114	1292	162	836	148	550	1440
57	1	2182	2090	2138	2088	2168	2032	2154	2134	2088	2114
57	10	2172	2008	2022	2076	1970	1994	2042	1876	1954	1984
57	100	2102	1264	1318	1686	1858	1638	1888	1374	1614	1828
57	1000	1692	334	270	1132	1552	944	1532	732	868	1562
57	10000	1084	100	12	252	1204	142	738	236	582	1260
58	1	2204	2140	2090	2148	2096	2212	2106	2120	2094	2108
58	10	2196	1948	1966	1920	2094	2078	1978	2082	2064	2066
58	100	2116	1292	1328	1598	1912	1872	1804	1488	1624	1738
58	1000	1564	360	374	846	1688	966	1382	648	876	1496
58	10000	830	100	52	170	1258	166	698	162	606	1296
59	1	2134	2188	2184	2164	2128	2064	2080	2132	2084	2142
59	10	2128	2062	2098	2042	2070	1934	2012	1982	1976	2004
59	100	2050	1288	1264	1688	1840	1684	1780	1240	1516	1874
59	1000	1468	342	304	1046	1602	900	1350	698	888	1624
59	10000	790	0	8	338	1282	168	822	194	556	1344
60	1	2124	2198	2104	2188	2100	2154	2084	2168	2126	2076
60	10	2114	1992	1936	1964	2094	2046	1964	2090	2028	1924
60	100	2034	1308	1200	1696	1878	1470	1850	1466	1732	1808
60	1000	1500	410	256	1090	1638	896	1370	830	880	1574
60	10000	812	100	14	298	1184	170	934	200	654	1408
61	1	2190	1986	1966	2030	2106	2134	2004	2192	2076	2112
61	10	2182	1882	1852	1910	1916	2024	1980	2004	1968	2016
61	100	2114	1300	1176	1702	1916	1706	1744	1488	1796	1814
61	1000	1500	438	306	982	1838	1028	1272	772	900	1524
61	10000	868	200	6	382	1388	134	716	190	562	1354
62	1	2154	2220	2140	2082	2136	2202	2094	2130	2062	2100
62	10	2148	2014	1990	1908	1974	1952	2080	1928	1900	1970
62	100	2062	1350	1242	1740	1810	1726	1812	1444	1514	1848
62	1000	1462	290	284	938	1708	1058	1406	794	726	1570
62	10000	890	100	6	292	1430	140	658	162	452	1328
63	1	2048	2164	2108	2144	2150	2034	2106	2002	2156	2086
63	10	2042	2032	2074	2016	1980	2034	2014	1890	2058	2062
63	100	1966	1314	1338	1596	1932	1888	1806	1436	1734	1852
63	1000	1432	366	262	830	1642	1014	1488	706	828	1506
63	10000	900	100	6	170	1300	192	610	156	462	1360
64	1	2178	2140	2016	1970	2076	2134	2080	2070	2132	1998
64	10	2172	2028	1904	1970	2004	2004	1978	1992	2020	1998
64	100	2096	1370	1260	1662	1918	1586	1782	1344	1692	1878
64	1000	1514	306	272	1054	1686	1038	1472	742	860	1544
64	10000	952	200	2	338	1462	184	852	180	562	1262
65	1	2102	2084	2148	2100	2176	2168	2172	2088	2046	2174
65	10	2094	2020	2028	1980	1964	2058	2066	1976	1954	1998
65	100	2026	1424	1306	1732	1934	1638	1896	1384	1510	1746
65	1000	1424	350	292	1072	1836	998	1322	786	860	1568
65	10000	910	100	14	108	1302	240	748	220	642	1240
66	1	2182	2146	2104	2178	2102	2190	2182	2208	1908	2002
66	10	2174	2136	2010	2078	1952	2026	2070	1962	1908	1916
66	100	2110	1546	1296	1730	1898	1654	1888	1394	1654	1714
66	1000	1526	418	284	1062	1680	1036	1354	762	876	1496
66	10000	754	200	38	304	1284	164	802	194	338	1392
67	1	2162	2140	2160	2132	2152	2084	2128	2062	2128	2236
67	10	2156	1978	2050	2024	2010	1974	2114	1996	2054	2028
67	100	2062	1318	1210	1740	1928	1554	1682	1452	1876	1786
67	1000	1458	406	276	1050	1580	930	1310	872	922	1598
67	10000	814	100	12	412	1180	178	744	160	640	1408
68	1	2168	2082	2114	2190	2130	2030	2168	2082	2094	2082
68	10	2160	1998	2008	2130	2014	1994	1994	1994	2050	2042
68	100	2088	1472	1192	1678	1772	1660	1858	1204	1612	1776
68	1000	1568	414	310	1034	1604	1004	1516	698	886	1604
68	10000	986	0	26	390	1176	142	680	158	670	1408
69	1	2224	2120	2020	2094	2198	2122	2142	2188	2064	2140
69	10	2216	1996	1936	2058	2042	2026	1938	2096	1930	2092
69	100	2136	1312	1244	1720	1970	1638	1672	1396	1610	1632
69	1000	1568	340	286	908	1570	904	1272	670	956	1500
69	10000	852	100	28	260	1152	118	824	186	810	1402
70	1	2106	2092	2144	2134	2196	2134	2142	2096	2136	2218
70	10	2098	1998	2052	2026	2016	1898	2116	1984	2060	2020
70	100	2016	1390	1354	1576	1858	1572	1920	1268	1596	1776
70	1000	1442	318	228	1098	1772	884	1548	814	862	1572
70	10000	738	100	18	218	1564	162	852	214	540	1406
71	1	2152	2164	2126	2088	2174	2172	2100	2124	2120	2148
71	10	2146	2046	2032	2046	2098	1780	1890	1986	2046	2082
71	100	2064	1402	1358	1624	1892	1506	1756	1282	1604	1722
71	1000	1516	438	254	992	1714	844	1346	710	838	1528
71	10000	938	0	18	326	1310	164	732	180	514	1338
72	1	2140	2108	2122	2128	2140	2070	2120	2090	2010	2106
72	10	2132	1986	2064	1996	2104	2000	2102	1880	1980	2032
72	100	2064	1246	1406	1714	1784	1826	1944	1332	1688	1892
72	1000	1476	306	270	1050	1490	1092	1554	626	862	1552
72	10000	930	0	24	330	1132	160	970	154	486	1272
73	1	2128	2168	2200	2106	2136	2192	2188	2156	2172	2094
73	10	2118	2074	2166	2062	2020	2068	1980	2060	2034	1964
73	100	2048	1422	1350	1762	1892	1746	1808	1388	1580	1708
73	1000	1534	384	316	932	1580	1000	1464	708	786	1602
73	10000	816	100	18	324	1360	158	794	184	486	1376
74	1	2048	2130	2008	2082	1916	2128	2074	2008	2122	2124
74	10	2038	2036	1884	2036	1916	1970	2050	1854	1934	2020
74	100	1972	1234	1210	1806	1858	1698	1724	1310	1440	1742
74	1000	1428	350	296	954	1760	864	1268	670	672	1592
74	10000	932	100	38	242	1360	136	634	196	334	1306
75	1	2064	2148	2138	2140	2112	2202	2118	2070	2112	2134
75	10	2054	2026	2072	1920	2042	2054	1924	1932	2048	1954
75	100	1978	1288	1386	1668	1880	1666	1812	1328	1604	1860
75	1000	1348	336	244	840	1754	978	1444	690	884	1624
75	10000	598	100	20	382	1500	194	684	220	572	1206
76	1	2034	2086	2096	2070	2266	1958	2174	2142	1972	2082
76	10	2026	1988	2004	2070	2036	1908	2080	2042	1806	1902
76	100	1948	1470	1242	1704	1882	1686	1762	1458	1406	1828
76	1000	1384	434	258	1008	1730	1054	1476	818	668	1594
76	10000	772	200	10	350	1350	172	856	162	346	1286
77	1	2130	2118	2124	1914	2124	2106	2182	2072	2154	2118
77	10	2124	2052	1952	1886	2030	1866	2014	1916	1958	1956
77	100	2044	1204	1178	1572	1902	1534	1924	1478	1576	1764
77	1000	1440	352	284	1036	1822	854	1544	666	720	1484
77	10000	938	100	14	266	1328	168	766	250	308	1344
78	1	2174	2104	2194	2156	2130	1974	2108	2148	2088	2112
78	10	2168	1924	2110	2036	2062	1974	1942	1950	1964	1958
78	100	2104	1286	1434	1706	1928	1768	1830	1470	1616	1708
78	1000	1494	284	296	1076	1594	878	1508	798	852	1546
78	10000	724	0	20	276	1336	194	846	198	450	1382
79	1	2184	2126	2028	2066	2134	2142	2056	2032	2152	2130
79	10	2176	2052	1928	2006	2006	2076	2050	1952	1944	1936
79	100	2092	1328	1196	1592	1844	1676	1814	1322	1588	1748
79	1000	1484	438	288	964	1622	1002	1588	672	1022	1588
79	10000	840	100	32	320	1406	146	730	144	702	1306
80	1	2098	2250	2220	2104	2138	2156	2018	2040	2028	2152
80	10	2086	2160	2056	1954	2050	2028	2018	1934	1978	2116
80	100	2014	1412	1448	1624	1966	1526	1750	1438	1558	1792
80	1000	1428	388	254	1002	1778	788	1390	688	788	1490
80	10000	756	200	12	176	1428	152	824	176	466	1352
81	1	2094	2198	2128	2120	2162	2182	2044	2158	2086	2170
81	10	2084	2098	2014	2048	2030	2034	1948	2032	1990	2074
81	100	2004	1418	1188	1792	1906	1796	1766	1440	1614	1894
81	1000	1458	340	264	934	1676	940	1404	692	866	1554
81	10000	772	0	22	308	1334	192	664	190	528	1314
82	1	2194	2072	2176	2116	1990	2026	2024	2160	2130	2012
82	10	2184	1960	2040	1998	1990	1996	1986	2062	2080	1920
82	100	2108	1282	1342	1650	1786	1700	1828	1434	1744	1768
82	1000	1510	400	302	930	1638	840	1336	664	888	1604
82	10000	578	0	24	310	1148	138	858	126	640	1346
83	1	2012	2112	2188	1986	2126	2128	2130	2212	2142	2108
83	10	2006	2030	2094	1888	1990	2104	1998	2032	2046	2000
83	100	1932	1392	1352	1740	1872	1562	1896	1376	1766	1752
83	1000	1326	390	330	928	1574	986	1282	758	808	1510
83	10000	658	100	8	352	1330	122	778	116	534	1432
84	1	2198	2126	2080	2050	2046	1984	1934	2144	2104	2132
84	10	2188	1994	2014	1914	2016	1852	1934	2004	1998	1958
84	100	2114	1330	1278	1586	1848	1722	1898	1346	1556	1854
84	1000	1566	380	256	1056	1568	800	1604	860	878	1692
84	10000	762	200	4	160	1296	148	888	130	690	1358
85	1	2144	2046	2028	1980	2106	1946	2096	2098	2118	2036
85	10	2136	1938	1922	1936	1952	1894	1942	2012	1970	2024
85	100	2060	1346	1358	1580	1950	1608	1812	1554	1650	1784
85	1000	1524	368	280	760	1688	876	1374	696	868	1582
85	10000	872	100	6	274	1404	184	806	136	486	1372
86	1	1918	1998	2070	1940	2074	2110	2040	2032	1982	2118
86	10	1914	1808	1978	1900	2074	2030	2040	1912	1940	2108
86	100	1832	1248	1340	1638	1836	1660	1916	1426	1632	1854
86	1000	1250	344	288	1080	1738	1030	1486	702	876	1554
86	10000	722	0	4	306	1372	172	824	164	590	1418
87	1	2138	2068	2196	2224	2174	2194	2136	2032	2126	2112
87	10	2132	1968	2084	2032	1954	2074	2078	1884	2010	1950
87	100	2064	1218	1310	1628	1954	1632	1760	1398	1614	1822
87	1000	1438	330	246	1016	1654	1104	1436	720	788	1562
87	10000	804	100	10	486	1268	170	766	158	456	1308
88	1	2104	2236	2080	2124	2128	2070	2162	2118	2022	2166
88	10	2096	2088	1996	2064	2046	2018	1996	2004	1910	1880
88	100	2024	1284	1308	1732	1866	1478	1898	1234	1696	1830
88	1000	1470	382	272	1258	1752	786	1420	740	836	1580
88	10000	974	0	36	372	1350	170	792	218	484	1384
89	1	2126	2138	2136	2148	2088	2052	2032	2068	2072	2078
89	10	2118	2034	2056	2106	1996	2028	2026	1984	1868	2052
89	100	2038	1350	1380	1740	1890	1646	1772	1414	1590	1890
89	1000	1472	398	302	880	1698	998	1376	816	816	1648
89	10000	826	200	46	200	1344	134	800	234	474	1392
90	1	1952	2128	2182	2098	2106	2114	2144	2206	2178	2120
90	10	1944	2012	2122	2052	2088	2110	2028	2018	2132	2042
90	100	1862	1380	1360	1670	1902	1800	1760	1358	1772	1828
90	1000	1378	348	300	1114	1718	1174	1264	738	950	1564
90	10000	876	0	6	194	1390	178	712	220	538	1400
91	1	2134	2186	2146	2144	2134	2196	2036	1942	2252	2030
91	10	2126	2042	2006	2070	2040	1922	1958	1866	2034	1982
91	100	2050	1388	1366	1778	1906	1606	1822	1416	1624	1808
91	1000	1516	386	244	1020	1654	856	1428	762	1004	1582
91	10000	902	0	6	242	1370	170	778	170	638	1332
92	1	2140	2062	2096	2094	2102	2148	2030	2184	2028	2106
92	10	2134	2016	1984	2036	2016	2068	1940	1996	1854	2060
92	100	2062	1356	1382	1748	1874	1566	1786	1366	1626	1780
92	1000	1546	386	270	996	1686	944	1406	812	932	1582
92	10000	854	200	10	284	1326	156	896	198	620	1366
93	1	2146	2176	2142	2160	2174	2016	2168	2148	2202	2136
93	10	2138	2078	2052	2058	2004	1868	1930	2038	2050	2034
93	100	2066	1180	1314	1626	1868	1502	1894	1388	1532	1852
93	1000	1538	332	266	1114	1466	972	1480	732	782	1554
93	10000	866	100	16	306	1170	138	820	212	500	1370
94	1	2106	2118	2132	2032	2096	2136	2102	2124	2106	2068
94	10	2100	2016	2072	1988	1992	2048	2050	2014	1998	1958
94	100	2020	1332	1336	1700	1856	1798	1872	1412	1702	1874
94	1000	1498	352	266	1018	1558	916	1474	680	938	1530
94	10000	866	200	18	464	1228	166	750	170	618	1308
95	1	2116	2132	2186	2044	2134	2086	2126	2080	2134	2064
95	10	2108	2062	2082	1946	2070	2064	1986	1966	1960	1950
95	100	2038	1220	1346	1564	1846	1762	1772	1510	1494	1792
95	1000	1398	378	276	1110	1630	772	1370	818	772	1480
95	10000	828	100	32	444	1286	154	726	142	424	1320
96	1	2172	2192	2194	2216	2124	2056	2154	2068	2196	2030
96	10	2158	2030	2110	2074	2068	1878	1972	1922	2064	1826
96	100	2084	1250	1332	1728	1934	1580	1744	1422	1650	1826
96	1000	1458	402	338	1024	1612	944	1324	830	852	1512
96	10000	832	200	22	280	1484	184	792	222	420	1360
97	1	2126	2124	2102	2068	2092	2120	2122	2092	2094	2146
97	10	2120	1934	1970	1990	2002	2024	1964	1950	1990	2002
97	100	2040	1308	1408	1790	1874	1708	1814	1524	1584	1734
97	1000	1496	340	286	1090	1750	934	1362	904	958	1626
97	10000	952	0	36	318	1290	144	858	154	586	1262
98	1	2144	2162	2116	1990	2038	2114	2122	2084	2128	2088
98	10	2136	2078	1992	1976	1998	2002	1948	1960	2026	2026
98	100	2074	1428	1260	1648	1910	1766	1622	1416	1704	1756
98	1000	1518	376	262	1062	1750	954	1360	838	688	1578
98	10000	1090	0	38	288	1396	144	630	200	374	1334
99	1	2142	2174	2206	2116	2076	2170	2192	2200	2152	2166
99	10	2128	2058	2170	2004	1956	1974	2052	1934	2014	2070
99	100	2044	1306	1334	1704	1930	1694	1832	1460	1634	1818
99	1000	1456	416	272	1144	1610	972	1404	726	868	1602
99	10000	840	100	20	314	1342	166	828	170	570	1436
100	1	2202	2106	2136	2132	2050	2152	2232	1992	2074	2074
100	10	2194	2032	1986	2108	1970	2036	2056	1920	2026	1976
100	100	2120	1190	1210	1516	1930	1532	1808	1478	1540	1706
100	1000	1510	378	276	962	1580	854	1418	680	750	1524
100	10000	668	100	6	136	1068	166	774	150	462	1356
