Instance	Generations	AdjSwap	Swap	Insertion	Reversal	3opt	BlockMove	BlockSwap	Cycle	Scramble	Uniform
1	1	2125	1986	2144	2057	1952	1882	2012	1887	2005	1920
1	10	2119	1875	1965	1853	1952	1768	1912	1803	1918	1833
1	100	2063	1134	1115	1553	1706	1482	1618	1304	1360	1618
1	1000	1659	187	192	708	1564	655	1218	639	246	1456
1	10000	0	0	0	0	1395	64	586	94	0	1157
2	1	2094	2095	2145	2066	2010	2048	2019	2041	1971	1845
2	10	2088	1879	2060	1977	1964	1934	1882	1876	1810	1845
2	100	2035	924	1215	1551	1782	1501	1578	1274	1257	1816
2	1000	1590	184	205	692	1460	606	1208	622	352	1446
2	10000	0	0	0	0	1361	51	431	54	0	1282
3	1	2107	2025	2144	2106	2029	2007	2001	2004	2047	1958
3	10	2102	1951	1994	1960	1956	1867	1827	1720	2005	1958
3	100	2052	1097	1116	1505	1761	1422	1601	1082	1422	1639
3	1000	1634	190	185	619	1642	579	1062	595	264	1425
3	10000	0	0	0	0	1281	49	485	81	0	1194
4	1	2147	1968	2034	2035	2028	2043	2039	1908	2101	2035
4	10	2141	1800	1872	1917	1947	1870	1908	1714	1849	1899
4	100	2091	1270	1030	1348	1897	1427	1551	1354	1347	1634
4	1000	1659	193	141	546	1735	704	1140	631	378	1440
4	10000	0	0	0	0	1446	52	507	50	0	1095
5	1	2138	1984	2109	1873	2005	2147	2038	2060	1985	2011
5	10	2134	1802	2039	1825	1935	2015	1967	2003	1861	1919
5	100	2094	1024	1238	1488	1856	1485	1610	1093	1420	1745
5	1000	1673	199	209	608	1574	672	1292	540	345	1385
5	10000	0	0	0	0	1278	62	572	81	0	1254
6	1	2013	2063	2108	1891	2008	2104	1960	2036	2112	1963
6	10	2007	1899	2004	1787	1952	1890	1929	1869	1919	1893
6	100	1957	1271	1132	1565	1586	1511	1517	1209	1268	1599
6	1000	1539	266	174	724	1507	678	1093	653	288	1409
6	10000	0	0	0	0	1092	53	463	68	0	1244
7	1	1929	2023	2073	2067	2042	2016	2080	2083	2098	2061
7	10	1923	1894	1921	1883	1967	1881	1818	1917	1950	1868
7	100	1876	976	1220	1489	1596	1436	1689	1398	1317	1651
7	1000	1453	219	171	576	1523	717	1236	577	289	1433
7	10000	0	0	0	0	1315	51	458	84	0	1185
8	1	2043	2069	2039	2000	2085	2143	1955	1998	2132	2063
8	10	2039	1891	1951	1950	1812	2024	1945	1790	1833	1931
8	100	1990	1018	1090	1691	1733	1720	1541	1224	1364	1597
8	1000	1582	209	135	719	1710	705	1048	627	373	1455
8	10000	0	0	0	0	1400	44	350	64	0	1216
9	1	2022	2159	1982	2020	2019	2094	2088	2040	2052	2103
9	10	2016	2014	1868	1791	1832	1941	1998	1896	1958	1980
9	100	1962	1261	1174	1485	1770	1482	1767	1267	1565	1813
9	1000	1561	244	128	616	1664	733	1227	518	334	1425
9	10000	0	0	0	0	1532	51	510	106	0	1179
10	1	2000	2060	2089	2097	2019	2069	2000	2033	1923	2013
10	10	1992	1864	1972	1855	1968	1837	1893	1909	1806	1927
10	100	1941	1176	1170	1530	1849	1464	1773	1276	1322	1767
10	1000	1527	224	167	578	1578	798	1154	584	386	1483
10	10000	0	0	0	0	1450	58	503	61	0	1144
11	1	2010	2075	1935	2104	1989	1950	1944	1965	2047	1965
11	10	2005	1945	1855	1985	1989	1882	1900	1759	1959	1787
11	100	1960	1123	1208	1557	1808	1343	1548	948	1348	1640
11	1000	1567	236	184	657	1650	676	1298	511	373	1472
11	10000	0	0	0	0	1414	62	509	72	0	1277
12	1	2041	2032	2045	2131	2011	1995	1984	2039	2010	2091
12	10	2035	1892	1985	1936	1907	1865	1865	1807	1889	1895
12	100	1988	1139	1192	1440	1844	1597	1704	1273	1208	1645
12	1000	1584	235	164	593	1383	583	1279	558	256	1496
12	10000	0	0	0	10	1306	45	393	70	0	1175
13	1	2031	1973	1987	2054	1986	2065	2055	2081	1984	2055
13	10	2025	1764	1884	1923	1952	1913	1984	1852	1789	1823
13	100	1976	1148	1052	1592	1745	1352	1610	1210	1187	1595
13	1000	1562	260	189	660	1429	628	1090	493	275	1391
13	10000	0	0	0	0	1328	55	474	89	0	1179
14	1	2113	2151	2082	1949	1904	2045	1944	2088	2066	2033
14	10	2106	2077	2004	1813	1904	1964	1874	1821	1911	1938
14	100	2058	1183	1316	1486	1804	1523	1544	1333	1398	1647
14	1000	1661	212	157	539	1466	559	1089	506	353	1453
14	10000	0	0	0	0	1265	55	502	69	0	1195
15	1	2051	2079	1891	2019	2087	1995	2067	1968	1971	1892
15	10	2045	1877	1783	1804	1943	1890	2013	1928	1775	1791
15	100	1994	1084	1140	1297	1746	1393	1559	1136	1193	1591
15	1000	1553	231	172	636	1605	680	1139	596	306	1435
15	10000	0	0	0	0	1393	82	465	83	0	1114
16	1	2117	2087	2063	2041	1996	1983	2024	1987	2089	1964
16	10	2109	1909	1955	1959	1959	1819	1793	1802	1842	1885
16	100	2057	1243	1276	1504	1731	1428	1707	1285	1484	1670
16	1000	1644	245	247	582	1574	590	1249	542	337	1472
16	10000	0	0	0	0	1264	55	511	70	0	1164
17	1	1997	2117	2102	2010	2048	2077	2071	2088	2089	1891
17	10	1989	1912	2003	1935	1947	1841	1966	1839	1887	1750
17	100	1940	1267	1232	1530	1747	1470	1714	1248	1193	1699
17	1000	1506	273	199	755	1747	627	1229	529	268	1393
17	10000	0	0	0	0	1129	55	512	59	0	1171
18	1	2156	2075	2119	1999	2082	2097	2041	1970	1974	1974
18	10	2150	2008	1962	1823	1949	1935	1959	1860	1776	1905
18	100	2099	1175	1148	1424	1858	1429	1519	1128	1245	1625
18	1000	1671	220	157	561	1716	679	1127	648	340	1411
18	10000	0	0	0	0	1256	60	439	96	0	1104
19	1	2031	1990	1956	2121	2064	1875	1880	2078	2051	2081
19	10	2025	1872	1801	1943	1851	1799	1880	1997	1818	1937
19	100	1978	1238	995	1456	1778	1507	1610	1372	1302	1693
19	1000	1551	293	163	549	1595	608	1086	548	290	1500
19	10000	0	0	0	0	1389	65	339	56	0	1190
20	1	2179	2170	2079	2016	2092	2005	2022	1960	1995	1980
20	10	2174	2032	1983	1896	1962	1852	1931	1884	1872	1835
20	100	2123	1269	1241	1521	1744	1597	1700	1318	1424	1676
20	1000	1700	262	163	577	1579	591	1304	673	419	1427
20	10000	0	0	0	0	1481	49	511	79	0	1170
21	1	2173	2138	2031	2052	1922	1953	2105	2106	1982	1983
21	10	2168	2000	1872	1801	1919	1824	1943	1857	1836	1851
21	100	2112	1239	1086	1385	1840	1533	1658	1372	1406	1725
21	1000	1695	243	161	701	1475	592	1141	611	312	1451
21	10000	0	0	0	0	1191	62	520	92	0	1105
22	1	2017	2147	2052	2036	2071	2038	1981	2072	2047	2046
22	10	2012	1983	1842	1962	1900	1865	1876	1858	1881	1878
22	100	1967	1192	1198	1587	1715	1406	1498	1269	1156	1751
22	1000	1546	239	164	827	1677	745	1213	632	280	1398
22	10000	0	0	0	0	1363	64	505	91	0	1224
23	1	2087	2083	2024	2072	1991	2102	2090	2023	2058	1957
23	10	2083	1875	1925	1901	1903	1903	1980	1908	1793	1870
23	100	2028	1104	1167	1573	1798	1503	1727	1435	1414	1717
23	1000	1596	205	167	586	1639	823	1174	470	309	1531
23	10000	0	0	0	0	1292	72	366	51	0	1199
24	1	2148	1986	2133	1908	2023	2068	2066	2063	1969	2083
24	10	2141	1843	2032	1853	1977	1955	1920	1864	1838	1941
24	100	2089	1100	1138	1489	1794	1353	1653	1266	1359	1694
24	1000	1673	216	116	759	1702	588	1135	630	331	1426
24	10000	0	0	0	0	1375	57	479	102	0	1226
25	1	1845	1991	1970	1875	1965	2049	2002	2062	2119	2026
25	10	1839	1821	1803	1808	1914	1911	1993	1939	2011	1808
25	100	1792	1087	1221	1554	1876	1511	1759	1271	1445	1501
25	1000	1371	188	182	671	1669	676	1248	663	344	1395
25	10000	0	0	0	0	1427	69	524	88	0	1214
26	1	2048	2000	2109	2008	2032	2076	1991	2168	2031	1989
26	10	2041	1929	1957	1885	1981	1938	1918	1950	1859	1989
26	100	1992	1284	1099	1470	1838	1649	1659	1321	1305	1652
26	1000	1572	241	175	761	1585	727	1154	532	298	1456
26	10000	0	0	0	0	1249	52	571	50	0	1149
27	1	1983	2082	2117	2032	2102	2073	2062	1836	2121	2042
27	10	1977	1733	1892	1917	1984	1967	1867	1748	1926	1756
27	100	1926	1103	1163	1484	1763	1414	1658	1255	1302	1553
27	1000	1496	216	193	683	1698	611	1139	564	322	1429
27	10000	0	0	0	0	1422	48	471	74	0	1225
28	1	2094	2043	2058	2085	2030	2039	2057	2169	2130	2121
28	10	2087	1853	1963	1881	2011	1833	1930	1908	1992	1883
28	100	2044	1193	1233	1415	1729	1572	1754	1446	1269	1640
28	1000	1599	221	176	532	1595	563	1165	547	255	1408
28	10000	0	0	0	0	1312	58	353	70	0	1203
29	1	2068	2085	2062	2056	2042	2093	2096	2016	2130	2032
29	10	2064	1883	1891	2027	1941	1865	1990	1677	2019	1910
29	100	2023	1283	1073	1483	1690	1425	1639	1271	1571	1575
29	1000	1574	236	180	611	1614	589	1277	595	482	1416
29	10000	0	0	0	0	1467	71	472	74	0	1227
30	1	2004	2126	2042	2151	2069	2059	2056	2133	2090	2036
30	10	1997	1965	1916	1872	2014	1894	1789	1865	1949	1981
30	100	1948	1173	1180	1522	1722	1583	1647	1257	1401	1738
30	1000	1565	210	141	548	1688	788	1263	643	398	1362
30	10000	0	0	0	0	1289	53	459	81	0	1203
31	1	2089	2048	2071	2135	2079	2143	2130	2096	2068	2101
31	10	2082	1904	1995	1990	1938	1900	2022	2000	1964	2006
31	100	2038	1204	1101	1593	1775	1377	1504	1252	1341	1767
31	1000	1607	288	143	527	1428	636	977	605	303	1428
31	10000	0	0	0	0	1232	49	357	80	0	1163
32	1	2121	2024	1986	2009	1954	1920	1892	1979	2070	2069
32	10	2115	1869	1832	1891	1920	1803	1892	1672	1909	1808
32	100	2062	1064	975	1412	1853	1469	1496	1288	1361	1512
32	1000	1673	190	158	576	1663	702	1174	628	329	1398
32	10000	0	0	0	0	1349	64	568	90	0	1231
33	1	2079	2113	2136	2043	2051	1966	1947	2074	1991	2065
33	10	2073	1982	2018	1938	1933	1920	1779	1948	1855	1934
33	100	2020	1175	1287	1554	1826	1564	1363	1309	1215	1676
33	1000	1598	182	181	749	1518	546	1113	587	265	1408
33	10000	0	0	0	0	1443	64	461	60	0	1250
34	1	2047	2059	1944	2006	2027	2080	1955	2128	2048	2035
34	10	2040	1916	1810	1766	1955	1995	1826	1947	1844	1932
34	100	1983	1050	1058	1579	1738	1547	1493	1360	1269	1742
34	1000	1587	206	175	659	1728	648	983	688	294	1390
34	10000	0	0	0	0	1286	55	407	74	0	1104
35	1	1950	2038	2139	2097	1992	2025	1971	1835	2082	2050
35	10	1946	1881	2001	1941	1961	1978	1916	1717	1959	1940
35	100	1899	1251	1220	1549	1758	1430	1814	1228	1386	1531
35	1000	1483	249	169	645	1562	594	1172	625	295	1425
35	10000	0	0	0	0	1417	45	488	101	0	1189
36	1	1988	2069	2189	1977	2005	1933	2013	1897	2133	2084
36	10	1982	1939	2085	1892	1916	1842	1881	1749	1867	1973
36	100	1932	980	1326	1573	1842	1532	1579	1301	1249	1627
36	1000	1513	201	150	615	1512	662	1216	629	262	1382
36	10000	0	0	0	0	1373	63	493	75	0	1172
37	1	2071	2074	2012	2018	1900	1994	2113	1957	2081	1896
37	10	2067	1989	1916	1953	1900	1866	1976	1899	1789	1896
37	100	2013	1301	1170	1638	1793	1555	1689	1230	1322	1537
37	1000	1594	215	166	737	1697	721	1381	644	434	1440
37	10000	0	0	0	0	1429	66	505	78	0	1262
38	1	2077	2106	2077	2065	2026	2091	2050	1915	2031	2035
38	10	2072	1933	1992	1909	1980	1999	1919	1821	1924	1868
38	100	2025	1079	1199	1595	1731	1678	1640	1213	1473	1737
38	1000	1615	233	169	745	1662	718	1084	623	368	1446
38	10000	0	0	0	0	1390	58	492	70	0	1249
39	1	2119	2092	2030	2057	2009	2105	1892	2133	1924	1997
39	10	2113	1901	1902	1863	1979	1933	1868	1860	1875	1913
39	100	2059	1236	1179	1503	1806	1643	1548	1263	1330	1587
39	1000	1657	254	198	465	1613	598	1202	604	389	1494
39	10000	0	0	0	0	1330	45	463	64	0	1285
40	1	2061	2127	2040	2075	1922	2067	1879	1941	2093	2105
40	10	2054	1973	1935	2011	1902	1994	1870	1776	1934	1984
40	100	2002	1100	1331	1508	1812	1648	1588	1143	1215	1631
40	1000	1578	183	204	673	1649	779	1281	577	309	1253
40	10000	0	0	0	0	1400	68	528	48	0	1179
41	1	2070	1932	2090	2085	2133	2028	1922	2125	1858	2039
41	10	2063	1778	1921	1941	1979	1873	1817	1919	1771	1902
41	100	2014	1008	1276	1589	1742	1477	1607	1321	1303	1693
41	1000	1592	237	184	752	1484	586	1120	536	406	1375
41	10000	0	0	0	0	1363	67	480	80	0	1287
42	1	1993	2031	2044	2022	2000	2002	1915	2194	2002	2116
42	10	1987	1850	1877	1936	1967	1874	1879	2038	1840	1955
42	100	1937	1289	1172	1571	1672	1334	1623	1303	1386	1724
42	1000	1538	271	225	727	1601	636	1261	637	323	1434
42	10000	0	0	0	0	1327	51	499	73	0	1126
43	1	2040	1977	2033	2090	2012	2117	2026	2088	2042	1968
43	10	2033	1895	1962	2062	1984	1928	1971	1868	1812	1842
43	100	1989	1251	1120	1582	1787	1347	1651	1296	1210	1739
43	1000	1586	279	163	758	1629	712	1084	643	320	1336
43	10000	0	0	0	0	1553	64	475	69	0	1221
44	1	2128	2057	2065	2056	2046	1939	2015	1972	2094	1954
44	10	2121	1888	2017	1981	1982	1883	1897	1734	1940	1786
44	100	2079	1127	1304	1555	1691	1561	1734	1128	1280	1646
44	1000	1683	186	182	774	1561	636	1302	550	303	1388
44	10000	0	0	0	0	1392	49	419	75	0	1233
45	1	2124	2054	1954	2012	1932	2083	1841	2086	2075	2054
45	10	2120	1927	1783	1909	1891	1896	1789	1896	1764	1806
45	100	2062	1205	1170	1398	1880	1387	1612	1214	1246	1699
45	1000	1635	255	165	516	1661	701	1246	650	288	1322
45	10000	0	0	0	0	1435	63	568	83	0	1113
46	1	2097	2069	1929	2039	2115	2018	2011	2151	2079	2032
46	10	2091	1781	1795	1927	1821	1877	1932	1905	1908	1807
46	100	2036	1093	1118	1459	1821	1550	1793	1202	1341	1807
46	1000	1637	216	154	516	1652	665	1304	565	277	1383
46	10000	0	0	0	0	1412	71	401	71	0	1253
47	1	1987	2099	2124	2013	2033	2044	2082	1881	2018	2076
47	10	1982	1923	1996	1896	1912	1824	2018	1788	1899	1839
47	100	1925	1153	1205	1591	1571	1467	1531	1218	1456	1582
47	1000	1493	194	152	491	1412	627	975	626	280	1390
47	10000	0	0	0	0	1211	62	392	47	0	1318
48	1	2066	2159	2091	2039	2007	1978	1916	2095	2089	2112
48	10	2060	2004	1944	1890	1890	1872	1831	1900	1838	1814
48	100	2013	1293	1118	1482	1849	1521	1556	1341	1439	1771
48	1000	1587	195	189	651	1673	653	1005	518	364	1469
48	10000	0	0	0	0	1496	44	426	69	0	1199
49	1	2012	2085	2131	1959	2022	2017	2040	2074	1886	2040
49	10	2005	1899	1892	1843	1985	1778	1930	1962	1784	1957
49	100	1955	1245	1065	1440	1791	1461	1513	1124	1279	1693
49	1000	1543	213	144	689	1746	664	1203	576	410	1375
49	10000	0	0	0	0	1329	50	461	50	11	1164
50	1	1983	2077	2144	2023	2036	2053	2041	2034	2117	1950
50	10	1976	1976	2045	1907	1979	1759	1823	1847	1943	1907
50	100	1931	1074	1282	1424	1805	1498	1654	1189	1456	1617
50	1000	1552	203	196	635	1701	665	1397	540	384	1501
50	10000	0	0	0	0	1369	53	520	55	0	1214
51	1	2100	2013	1937	2075	2111	2005	2131	2019	2066	2059
51	10	2098	1864	1858	1947	1983	1821	1891	1832	1913	1884
51	100	2042	1291	1170	1606	1781	1478	1449	1309	1318	1613
51	1000	1651	256	198	636	1648	651	1118	552	392	1429
51	10000	0	0	0	0	1532	56	458	56	0	1311
52	1	1991	1950	2087	2006	2119	1924	1923	1989	2008	2000
52	10	1986	1727	1962	1843	1960	1899	1858	1834	1838	1881
52	100	1942	1100	1093	1492	1869	1525	1577	1240	1373	1723
52	1000	1506	210	151	678	1590	607	1045	551	392	1442
52	10000	0	0	0	0	1298	42	489	60	0	1258
53	1	2135	2094	2013	1962	1937	1956	2128	2137	2147	1997
53	10	2131	1930	1940	1921	1904	1924	2005	2011	1975	1830
53	100	2079	1138	1231	1388	1788	1512	1556	1209	1287	1614
53	1000	1620	220	181	703	1556	532	1166	618	395	1346
53	10000	0	0	0	37	1426	41	396	54	0	1189
54	1	1925	2065	2214	2161	2100	2059	1943	1984	2037	2087
54	10	1920	1986	2078	1891	1871	1879	1722	1811	1856	1933
54	100	1866	1200	1174	1393	1609	1287	1577	1228	1388	1625
54	1000	1444	226	182	622	1414	662	1192	556	356	1416
54	10000	0	0	0	0	1299	60	514	86	0	1205
55	1	2087	1985	2000	2056	2141	2066	2103	1987	1910	1886
55	10	2081	1832	1912	1892	1909	1949	1908	1758	1830	1876
55	100	2030	1134	1174	1391	1829	1683	1595	1239	1283	1734
55	1000	1643	263	189	548	1651	698	1149	534	339	1392
55	10000	0	0	0	4	1297	52	513	75	0	1150
56	1	2084	2097	2105	2078	2054	2014	2045	1985	2098	1892
56	10	2077	2021	2016	1861	2025	1941	1927	1932	1969	1892
56	100	2036	1140	1171	1493	1768	1603	1679	1290	1399	1734
56	1000	1613	216	170	540	1647	808	1197	581	379	1457
56	10000	0	0	0	0	1490	52	484	100	0	1139
57	1	2158	2181	2019	2090	2019	1950	1914	1941	2033	2114
57	10	2153	1924	1847	1879	2007	1886	1867	1814	1776	1967
57	100	2112	1192	1228	1327	1654	1545	1696	1203	1350	1525
57	1000	1743	254	178	597	1494	710	1078	555	278	1369
57	10000	0	0	0	0	1417	53	294	72	0	1233
58	1	2135	1983	2077	1954	2068	2051	1972	2088	2016	1921
58	10	2131	1847	1915	1897	1879	1873	1941	1919	1840	1914
58	100	2087	1256	1175	1510	1812	1494	1648	1135	1307	1547
58	1000	1653	264	170	625	1651	592	1069	535	376	1342
58	10000	0	0	0	0	1370	58	441	78	0	1222
59	1	1944	1902	2037	2041	2024	1959	2065	2125	2071	2058
59	10	1936	1744	1857	1885	1832	1920	1875	1961	1804	1878
59	100	1887	1082	1107	1450	1756	1409	1551	1251	1453	1687
59	1000	1481	211	186	585	1620	642	1309	483	328	1470
59	10000	0	0	0	0	1343	75	501	81	0	1236
60	1	2160	2052	2065	2000	1932	2115	2013	1985	1952	1910
60	10	2156	1900	1936	1824	1847	1969	1716	1869	1900	1903
60	100	2107	1056	1201	1369	1847	1449	1571	1286	1371	1679
60	1000	1681	250	179	519	1537	681	1207	667	307	1497
60	10000	0	0	0	0	1403	52	412	58	0	1183
61	1	2101	2121	2106	2056	1961	2092	2033	2108	2041	1917
61	10	2095	1935	1985	1801	1928	1996	1880	1886	1816	1917
61	100	2046	1217	1307	1337	1712	1562	1679	1232	1449	1648
61	1000	1624	166	157	667	1648	712	1275	587	322	1347
61	10000	0	0	0	0	1225	46	546	72	0	1220
62	1	2083	2087	2030	2092	2049	2012	2014	2038	2055	2013
62	10	2080	1971	1941	1974	1948	1722	1920	1764	1865	1986
62	100	2028	1185	1025	1403	1767	1394	1656	1192	1539	1727
62	1000	1616	258	171	562	1611	811	1109	580	396	1340
62	10000	0	0	0	0	1352	45	523	103	0	1267
63	1	2001	1986	2031	2065	2090	1960	2014	1962	2146	1983
63	10	1996	1834	1934	2011	1943	1855	1928	1750	1923	1857
63	100	1944	1101	1081	1646	1843	1572	1660	1095	1320	1756
63	1000	1538	261	160	628	1549	720	1244	559	311	1457
63	10000	0	0	0	0	1252	50	529	50	0	1168
64	1	1977	2113	2081	1969	2083	1948	1952	2017	1991	2052
64	10	1970	1920	1909	1899	1976	1797	1906	1912	1890	1812
64	100	1919	1309	1103	1516	1819	1493	1615	1193	1242	1682
64	1000	1494	254	194	724	1613	695	1079	658	320	1445
64	10000	0	0	0	0	1383	49	459	95	0	1265
65	1	2145	2058	2061	1937	1978	1834	2078	2010	2075	2029
65	10	2140	1957	2006	1913	1946	1753	1664	1900	1926	1864
65	100	2096	1252	1196	1466	1795	1307	1593	1339	1387	1672
65	1000	1719	237	161	637	1743	676	1200	625	370	1421
65	10000	0	0	0	15	1349	44	546	85	0	1028
66	1	2085	2070	2066	2010	2082	1994	1969	1971	2066	2001
66	10	2078	1920	1945	1984	1868	1834	1946	1867	1890	1899
66	100	2034	1067	1176	1570	1707	1457	1638	1244	1370	1700
66	1000	1611	261	188	834	1522	687	1093	565	307	1451
66	10000	0	0	0	24	1399	88	425	46	0	1292
67	1	2079	1878	2084	2158	2075	2133	1916	2014	1957	1989
67	10	2073	1735	1990	1960	1946	1835	1838	1941	1870	1938
67	100	2030	1022	1137	1562	1874	1468	1523	1295	1372	1662
67	1000	1612	242	127	538	1681	678	991	432	420	1499
67	10000	0	0	0	0	1545	63	535	42	0	1124
68	1	2067	1843	1942	1990	2036	2053	1953	2007	1964	2010
68	10	2060	1674	1865	1713	1949	1962	1853	1788	1824	1860
68	100	2016	1076	1040	1484	1681	1567	1663	1184	1346	1644
68	1000	1580	207	176	518	1661	749	1055	625	306	1495
68	10000	0	0	0	0	1495	52	428	62	0	1248
69	1	2140	2071	2070	2046	1993	2089	2036	2046	2123	2133
69	10	2134	1866	1951	1946	1879	1848	1942	1935	1868	1879
69	100	2083	1046	1053	1516	1802	1543	1567	1193	1321	1723
69	1000	1664	248	180	682	1427	705	1047	621	357	1317
69	10000	0	0	0	0	1280	50	412	73	0	1145
70	1	2097	1975	2113	2084	2019	1996	2066	2107	2097	2113
70	10	2091	1814	2061	1946	1921	1887	1912	1873	1944	2032
70	100	2044	1166	1254	1393	1735	1601	1548	1302	1448	1741
70	1000	1654	249	135	550	1664	659	1086	618	341	1476
70	10000	0	0	0	0	1443	61	452	79	0	1116
71	1	2042	2134	2178	2007	2011	2119	2121	2100	2105	1974
71	10	2037	2024	1962	1848	1920	1883	1957	2027	1942	1964
71	100	1984	1045	1210	1392	1801	1351	1635	1376	1362	1773
71	1000	1574	187	186	543	1626	567	1151	592	381	1444
71	10000	0	0	0	0	1386	55	416	65	0	1254
72	1	2107	2079	2032	1927	1995	1976	1942	2087	2034	2020
72	10	2100	1982	1907	1844	1936	1832	1838	1838	1832	1900
72	100	2051	1200	1114	1532	1656	1459	1417	1302	1356	1675
72	1000	1631	265	157	761	1493	653	1023	623	318	1348
72	10000	0	0	0	0	1257	50	332	65	0	1238
73	1	2154	2092	1981	2065	2120	2074	2013	2131	2148	2047
73	10	2149	1862	1947	1853	1927	1852	1915	1982	1915	2017
73	100	2101	1184	1178	1521	1823	1491	1699	1333	1353	1563
73	1000	1687	178	153	714	1603	660	1214	544	304	1456
73	10000	0	0	0	0	1360	56	486	81	0	1205
74	1	2171	1988	2068	2156	1893	2101	1963	1971	2137	2080
74	10	2164	1864	1966	2060	1893	1929	1926	1779	1966	1771
74	100	2109	1311	1208	1308	1840	1471	1665	1166	1437	1593
74	1000	1751	224	138	465	1393	639	1304	528	269	1446
74	10000	0	0	0	0	1269	48	421	82	0	1186
75	1	2156	2123	2113	2030	2007	2041	2074	2121	1972	2050
75	10	2152	1965	1965	1752	1968	1799	1904	1986	1849	1972
75	100	2102	1187	1274	1511	1806	1489	1579	1158	1248	1640
75	1000	1676	255	199	769	1582	693	1121	455	462	1370
75	10000	0	0	0	0	1370	59	433	80	0	1248
76	1	1939	1851	2001	2126	1981	1995	1982	2088	1977	2035
76	10	1933	1672	1916	1953	1978	1843	1842	1951	1891	1955
76	100	1883	1054	1058	1472	1707	1494	1671	1212	1478	1578
76	1000	1447	254	159	567	1651	725	1206	507	344	1336
76	10000	0	0	0	0	1437	69	471	51	0	1184
77	1	2110	2113	2071	2099	1899	2036	1948	1973	2117	2001
77	10	2104	2061	1954	1895	1876	1778	1836	1762	1930	1951
77	100	2057	1269	1158	1563	1755	1266	1574	1353	1198	1627
77	1000	1637	257	171	735	1573	688	1221	573	287	1431
77	10000	0	0	0	0	1460	60	470	72	0	1162
78	1	2107	2118	2101	2026	1951	2084	1944	2003	2145	1938
78	10	2101	1960	2001	1893	1921	1903	1930	1954	1867	1802
78	100	2054	1206	1159	1482	1729	1425	1695	1145	1316	1647
78	1000	1624	270	196	739	1523	719	1074	612	271	1366
78	10000	0	0	0	0	1309	68	449	61	0	1253
79	1	1996	2064	2005	1938	1969	1923	1979	1989	2067	2059
79	10	1991	1916	1941	1800	1667	1729	1944	1939	1868	1939
79	100	1936	1117	1179	1495	1490	1338	1615	1229	1380	1553
79	1000	1538	195	177	603	1390	672	1058	617	330	1354
79	10000	0	0	0	0	1171	57	438	72	0	1114
80	1	1894	2032	1830	1911	1854	2005	2010	2085	1976	2006
80	10	1886	1906	1719	1808	1844	1967	1983	1938	1739	1885
80	100	1835	1195	1021	1460	1844	1604	1524	1466	1336	1737
80	1000	1421	221	170	727	1570	615	1043	603	206	1544
80	10000	0	0	0	0	1281	37	388	80	0	1203
81	1	2139	2071	2058	1980	2025	2088	2134	2128	2114	1916
81	10	2135	1990	1931	1923	1959	1965	1949	1982	1940	1916
81	100	2089	1116	1189	1525	1776	1524	1585	1279	1408	1626
81	1000	1679	211	192	543	1632	572	1089	620	342	1354
81	10000	0	0	0	0	1372	59	387	75	0	1080
82	1	2010	2115	2054	2079	1935	1951	1980	2025	1979	1973
82	10	2005	2008	1909	1959	1935	1942	1867	1825	1862	1895
82	100	1951	1251	1137	1589	1847	1624	1668	1222	1285	1717
82	1000	1479	229	194	640	1610	715	1094	485	313	1400
82	10000	0	0	0	0	1359	56	418	46	0	1118
83	1	2149	2185	2070	1963	2076	2119	2071	1995	2048	2113
83	10	2144	2041	2037	1897	1934	1952	1815	1822	1817	1974
83	100	2095	1125	1233	1353	1656	1454	1544	1115	1285	1680
83	1000	1720	242	142	516	1527	649	1121	486	329	1412
83	10000	0	0	0	0	1474	50	537	98	0	1243
84	1	2087	2161	1924	2032	1972	2119	1994	2088	2036	2007
84	10	2081	2000	1799	1969	1972	1825	1923	1855	1967	1864
84	100	2034	1215	1007	1456	1764	1360	1684	1174	1217	1748
84	1000	1644	253	152	633	1534	540	1191	491	270	1541
84	10000	0	0	0	13	1191	64	512	71	0	1174
85	1	2187	2195	1998	2003	2120	1924	1959	2008	2098	1968
85	10	2181	1992	1896	1851	1959	1610	1860	1876	1966	1909
85	100	2129	1209	1148	1572	1756	1404	1548	1205	1423	1678
85	1000	1706	211	171	606	1623	738	1131	578	369	1437
85	10000	0	0	0	0	1481	69	525	62	0	1169
86	1	2083	2090	2127	2161	2064	1951	2005	2076	2054	2001
86	10	2077	1940	2057	2002	1958	1916	1927	1907	1966	1789
86	100	2031	1265	1197	1308	1862	1328	1628	1305	1430	1713
86	1000	1624	268	170	605	1586	709	1156	604	377	1501
86	10000	0	0	0	0	1363	50	434	67	0	1243
87	1	1909	2018	2094	2031	1965	1908	2140	1993	1900	2030
87	10	1904	1972	1996	1871	1965	1762	1932	1742	1786	1818
87	100	1858	1280	1338	1491	1805	1416	1735	1255	1260	1548
87	1000	1432	121	130	645	1805	555	1289	654	297	1429
87	10000	0	0	0	0	1303	52	405	77	0	1184
88	1	2002	2009	2072	2086	1876	2039	1904	2051	2082	2103
88	10	1994	1830	2019	1942	1876	1719	1784	1864	2017	1968
88	100	1944	1136	1074	1466	1815	1417	1569	1162	1272	1723
88	1000	1557	215	214	680	1632	581	1318	625	279	1461
88	10000	0	0	0	0	1392	57	510	83	0	1156
89	1	2104	2131	1959	2062	2062	2036	2019	2126	2106	2044
89	10	2098	2023	1871	1966	1868	1880	1804	1934	2008	1924
89	100	2041	1285	1110	1587	1797	1523	1635	1213	1192	1686
89	1000	1640	181	206	722	1611	771	1196	522	286	1374
89	10000	0	0	0	0	1364	62	494	72	0	1267
90	1	2014	1891	2171	2043	2010	2012	2064	2028	2039	2194
90	10	2009	1716	2066	1930	2010	1920	1783	1742	1878	1935
90	100	1958	994	1058	1620	1802	1497	1534	1385	1395	1694
90	1000	1531	193	134	650	1428	842	1179	631	433	1450
90	10000	0	0	0	0	1350	63	466	51	0	1211
91	1	1962	1976	2066	2087	2082	2033	2049	2108	2020	2040
91	10	1957	1830	1930	1898	1972	1810	1848	2034	1969	1997
91	100	1916	1209	1110	1420	1725	1449	1583	1263	1324	1747
91	1000	1508	280	161	635	1687	734	1109	625	331	1442
91	10000	0	0	0	0	1583	68	435	58	0	1239
92	1	2073	2077	2071	1887	1996	2070	1928	2098	1844	2084
92	10	2067	1870	1949	1728	1877	1937	1874	1914	1710	1886
92	100	2022	1074	1218	1542	1792	1408	1702	1077	1231	1668
92	1000	1595	225	194	690	1605	583	1297	496	331	1442
92	10000	0	0	0	0	1261	42	506	63	0	1237
93	1	2125	2032	2112	1989	2011	2031	2056	1998	2111	1958
93	10	2118	1829	2006	1967	1894	1848	1970	1881	2039	1892
93	100	2071	1116	1310	1417	1813	1432	1733	1178	1379	1650
93	1000	1642	213	199	560	1570	616	1285	600	483	1453
93	10000	0	0	0	0	1283	61	499	62	0	1165
94	1	1947	1909	1857	1877	2124	1928	2064	1920	2076	1980
94	10	1941	1752	1742	1648	1993	1881	1905	1748	1702	1911
94	100	1894	1057	1122	1441	1816	1474	1626	1245	1320	1708
94	1000	1472	228	182	706	1672	619	1157	642	393	1423
94	10000	0	0	0	0	1400	68	479	88	0	1226
95	1	1910	2067	2118	2119	1921	2041	2006	1970	2111	2013
95	10	1904	2030	1949	1949	1921	1849	1756	1836	1923	1867
95	100	1858	1286	1300	1438	1598	1484	1574	1215	1403	1663
95	1000	1453	249	206	553	1527	704	1182	570	362	1361
95	10000	0	0	0	0	1277	48	552	75	0	1159
96	1	2122	1979	2180	1984	1923	2110	2047	1889	2001	2008
96	10	2117	1890	2038	1938	1923	1864	2031	1806	1963	1936
96	100	2068	1057	1285	1393	1881	1438	1502	1230	1466	1716
96	1000	1646	191	206	625	1679	590	1064	524	317	1394
96	10000	0	0	0	0	1176	70	426	86	0	1170
97	1	2084	2088	2031	2032	2000	1979	2089	2046	2002	2030
97	10	2079	1952	1982	1919	1976	1918	1941	1766	1819	1958
97	100	2034	1247	1163	1374	1888	1419	1590	1244	1305	1640
97	1000	1633	267	170	640	1747	557	1133	689	257	1387
97	10000	0	0	0	0	1300	50	482	90	0	1191
98	1	2095	2042	2074	2110	2118	1908	2089	2133	1919	2051
98	10	2091	1882	1983	1743	1792	1738	1977	2042	1828	2027
98	100	2042	1080	1311	1433	1623	1459	1684	1198	1274	1770
98	1000	1627	208	179	473	1436	665	1256	653	339	1392
98	10000	0	0	0	0	1366	50	487	93	0	1199
99	1	2085	2012	2001	2025	1879	2048	2061	1988	1901	2119
99	10	2079	1795	1880	1907	1863	1969	1899	1798	1883	1917
99	100	2034	1132	1131	1449	1766	1384	1725	1220	1368	1729
99	1000	1663	249	162	631	1548	713	1171	571	274	1414
99	10000	0	0	0	0	1378	51	487	62	0	1177
100	1	2108	2067	2166	2124	2040	1898	1980	2059	2025	1952
100	10	2103	1949	2055	1907	2013	1847	1952	1783	1946	1899
100	100	2054	1240	1257	1585	1720	1424	1597	1362	1340	1634
100	1000	1614	224	194	735	1662	615	1211	603	346	1402
100	10000	0	0	0	0	1388	49	430	68	0	1119
