Instance	Generations	AdjSwap	Swap	Insertion	Reversal	3opt	BlockMove	BlockSwap	Cycle	Scramble	Uniform
1	1	42066	42963	43455	42259	42677	42273	42914	42483	41449	45032
1	10	39230	39342	40438	38177	38501	41183	39219	38563	40356	42203
1	100	30343	29480	26638	25748	25317	26794	28025	29935	37493	38902
1	1000	24802	15713	13179	10433	13895	12072	15434	20976	27062	35831
1	10000	23505	9544	8575	4675	6838	6692	8416	14121	18341	33450
2	1	43216	40899	40984	43451	43758	41082	42658	45253	43099	39550
2	10	40970	38055	37958	42493	39823	39458	38546	40700	41055	39550
2	100	27235	28895	26984	26965	24812	28451	26580	32431	38338	39550
2	1000	25347	15501	13701	10738	13441	12097	15870	22103	23890	35722
2	10000	23219	9662	8226	4496	6356	6020	9164	13880	16897	33020
3	1	41747	42334	41148	40470	44583	41218	42436	41330	42171	42775
3	10	39575	40180	40560	38370	39170	38971	39431	39437	38664	40509
3	100	32331	27312	26365	24735	25363	26475	26876	27438	34941	39508
3	1000	26968	17461	13934	9314	13238	14516	15283	19797	25702	36303
3	10000	23285	10444	9031	4309	4932	6411	8965	13271	15934	33087
4	1	42387	43035	39911	43197	42557	42638	43664	43184	43308	42805
4	10	38880	40695	38571	42232	41153	38928	41245	39315	38548	41848
4	100	28946	29704	25606	27169	26727	26272	27197	30701	35793	38201
4	1000	24544	17435	14118	10294	12077	12348	13538	21691	23921	37468
4	10000	23380	10160	8317	4028	5419	6291	7645	13138	16908	34149
5	1	43570	42485	40416	43769	41991	44584	43811	41820	42931	35684
5	10	41270	40220	37581	42106	39011	42610	40123	38938	40898	35684
5	100	33444	29435	26929	26912	26445	27099	28794	32734	34793	35684
5	1000	28972	16746	14204	10293	12909	14208	16631	21321	26134	35684
5	10000	26453	10269	8158	4881	6002	6530	7704	12376	17263	32873
6	1	42689	41726	41028	43293	42912	42463	43666	39973	42678	42797
6	10	40291	38472	37932	40762	40370	39946	41055	37798	41401	40641
6	100	33904	26990	25898	27160	26047	25861	27899	30714	36535	39068
6	1000	27303	15539	15384	11037	14402	10986	16863	21635	26171	36949
6	10000	24338	10334	7716	4188	5626	5675	7888	12139	17526	35033
7	1	43268	42710	42457	39688	41187	42516	44034	41777	42171	44585
7	10	41422	40571	37374	38468	39718	40393	40637	40340	41591	41127
7	100	32315	25613	27956	26183	25970	26338	25094	32038	35113	39541
7	1000	27147	16778	15203	10425	13562	13817	15954	21745	24885	37246
7	10000	25624	9037	9759	4252	5497	5775	9109	13208	16315	33393
8	1	43113	45418	43604	44026	41819	44957	44402	43604	43911	44857
8	10	40559	42367	41242	41031	38641	42754	43211	42182	37056	41435
8	100	32947	26996	28113	27423	27992	28652	30538	30871	34195	38729
8	1000	28320	13734	13783	9268	13625	12319	15702	19453	25289	35536
8	10000	23706	8467	9433	4476	6337	5918	8649	11678	18614	33098
9	1	42993	41805	42847	43575	42796	41667	40859	39951	41695	41115
9	10	40673	40719	39875	40761	38936	38589	38448	37023	39451	38184
9	100	31957	28295	29040	28642	26892	25296	28250	31432	34076	36667
9	1000	25487	15710	14896	12238	13545	12689	14046	20028	23219	36614
9	10000	22912	9807	8696	4765	6773	6903	9408	13089	16907	33309
10	1	43092	40374	41708	40094	41901	42052	43386	42002	42563	39534
10	10	40779	39010	37208	38661	39704	40144	40748	40149	41066	38240
10	100	34108	29495	27427	24932	26015	28361	26299	29993	30383	36902
10	1000	29020	15596	13403	9665	12354	12098	14950	20238	22472	33788
10	10000	24745	9691	8559	3413	5337	5223	7510	12624	16092	31803
11	1	42535	40989	42556	43079	42877	40321	40372	40648	43380	41684
11	10	40632	38783	39150	40824	40658	38478	38442	37573	41298	40817
11	100	32376	25774	27297	28178	25358	24774	25133	29617	35731	36791
11	1000	28457	14309	12215	8808	12840	10938	13245	20010	26357	34081
11	10000	27175	8974	7697	4291	6117	5963	7863	12316	17129	32032
12	1	42877	44517	44315	42594	42969	43387	41569	41902	42951	40487
12	10	40114	38670	39646	40049	39384	40674	38527	40054	40649	39332
12	100	31220	28885	27767	25512	24322	24537	27902	31776	37275	38047
12	1000	26911	15698	13559	9119	12695	12090	15260	22046	26078	36722
12	10000	25196	10168	8638	3873	5950	6267	7577	14603	17247	32188
13	1	40494	42565	42080	42654	43214	40887	39971	41853	43384	43174
13	10	38888	37734	40885	40982	39362	39214	35608	38118	41412	41439
13	100	28282	29806	26068	29008	25323	28100	26536	32722	36096	38521
13	1000	24322	15393	13014	10148	13072	13246	14684	23390	25361	37420
13	10000	23690	9225	8489	4603	6788	6576	8787	14109	18692	33170
14	1	42592	40664	41779	42928	41572	41243	43541	42648	41682	40804
14	10	40753	36963	37455	39101	39802	37879	41375	38054	39934	40529
14	100	32419	26841	25154	24051	26073	22725	26554	27363	35389	37474
14	1000	26934	13389	14604	10888	12729	12831	15175	19479	26979	35596
14	10000	25709	8238	6997	4407	5696	6828	8086	12321	17684	31755
15	1	42989	43982	43438	44303	40449	43989	41874	43347	43115	44082
15	10	40407	40058	42464	41407	37158	40124	37886	39843	40446	41391
15	100	33187	26907	30973	27146	27946	27208	29634	31363	36597	37575
15	1000	28372	14575	15356	9949	14285	12556	16007	19390	25617	36126
15	10000	25730	9647	8604	5489	6486	6608	9075	13836	16911	31727
16	1	44452	42220	43511	41686	41208	43219	42581	39562	39751	42452
16	10	41261	39905	41405	38998	40159	40985	39583	35375	39751	39879
16	100	34025	26066	27524	25740	25822	27324	27422	29176	37313	35153
16	1000	28967	13166	14731	8902	12978	12297	15869	18011	24702	34730
16	10000	26273	9506	7199	4581	5292	5713	7653	12737	16471	30018
17	1	42745	41908	42459	41063	43588	41891	42116	41785	41848	42446
17	10	40126	38615	39823	38679	40470	37649	38421	39630	39074	41590
17	100	32312	25919	28433	26858	25811	27559	25329	32830	36907	39614
17	1000	27527	16020	13472	11740	12496	12363	15431	19563	22258	36459
17	10000	27161	8970	7801	4633	5720	6238	8368	15181	16828	33359
18	1	42857	43687	42125	45111	42283	44810	43316	44816	41065	44737
18	10	40907	40180	40176	41435	39798	42312	40932	40594	40266	40956
18	100	31073	26049	26260	25707	27528	25524	29349	32015	39273	39662
18	1000	28838	15411	15282	10895	12396	12845	15220	21057	27985	35572
18	10000	25051	9881	9440	4461	5749	6877	8626	14396	18744	32083
19	1	42722	43861	42175	43056	42185	41366	39828	39974	43423	41330
19	10	39595	39741	39201	40345	38377	38814	37357	37633	41063	40126
19	100	31070	28067	25289	25639	27851	24323	27872	33652	33615	37242
19	1000	27168	14990	13322	10219	12421	13411	16075	20341	20906	34695
19	10000	25171	8775	8324	4202	6191	6820	8349	12474	17494	33295
20	1	42488	42316	42606	42826	41784	42224	42808	41267	41743	41576
20	10	40572	37105	40100	40870	38432	40329	41053	37366	38339	38858
20	100	31864	25371	28632	27756	26415	26331	27763	30328	34482	38668
20	1000	27052	13933	13281	10711	12170	11728	15188	18933	24526	36406
20	10000	26074	8963	8235	5062	6098	6658	8482	11937	17334	31868
21	1	43136	43940	41490	43907	41811	42238	41009	44116	44557	42867
21	10	39568	40574	39345	42962	41188	39479	38983	38092	41101	41729
21	100	32846	29953	29144	29891	28869	27069	28107	30932	35743	40827
21	1000	29375	15742	14798	9652	13777	12597	14532	21555	25948	36265
21	10000	25955	10181	8856	3964	6256	6820	9022	12126	18554	33630
22	1	42895	42026	42932	42716	44081	44163	44352	42670	38502	42995
22	10	41023	38752	40716	40018	41563	41527	41148	40097	38502	40950
22	100	32308	27208	28830	25701	25185	26401	28459	31890	31574	38621
22	1000	30486	16455	12770	10301	12330	12382	15343	21486	24017	34756
22	10000	24938	10549	8343	4058	6045	6071	8300	12940	17203	33197
23	1	43524	43268	42820	45469	43153	42932	41357	41135	42716	42938
23	10	42418	41019	41160	41309	40547	37931	38669	40738	40327	42098
23	100	33817	29188	26964	27355	25887	27244	26090	31749	34328	39506
23	1000	30084	16683	13399	11848	11750	13074	15322	20689	25660	35339
23	10000	24074	9973	9629	4029	5582	5964	8226	12636	14834	31008
24	1	44769	43571	42345	42458	44680	43564	44549	40164	41976	43053
24	10	43182	38483	40262	39811	42078	41509	41241	35314	40971	40427
24	100	32648	28422	28045	26699	27861	27244	27922	27886	37041	38722
24	1000	28520	16452	15610	10104	14222	13641	15598	19710	28012	35296
24	10000	26653	10730	8092	5502	6153	6605	8962	13313	18957	33142
25	1	41481	41870	41177	42343	42049	41156	41216	42936	43934	42039
25	10	37960	39854	38469	39932	39229	38737	39170	39656	40116	40019
25	100	28575	29117	27937	24569	25174	24956	26635	30140	36001	36748
25	1000	25160	16157	12375	10055	12394	12383	14197	19199	25282	36050
25	10000	22626	9322	7196	3979	6046	5404	8351	11272	13633	33619
26	1	38971	43117	42796	41395	43406	42959	43021	42166	43933	41285
26	10	37426	40510	41115	37248	40829	40500	40987	39143	40374	40737
26	100	30600	30123	27263	26782	27683	27109	24181	31474	34379	38612
26	1000	22902	15264	14113	9860	13667	12567	13417	21172	22228	35796
26	10000	21244	9120	8709	3890	5972	6756	7156	12151	14586	32127
27	1	43305	43807	40246	42066	40738	37711	40914	42509	42229	42679
27	10	41645	39464	37921	40141	38212	36326	37817	39883	37559	40991
27	100	33151	28172	31039	26856	27645	26260	24223	30763	36302	38633
27	1000	28472	15664	15077	9952	13727	12468	16671	20929	26355	36898
27	10000	24073	10243	9264	3923	6473	6140	8317	11462	15572	33367
28	1	42832	43517	42208	42730	42349	42120	40259	43158	42719	41818
28	10	39349	39557	40289	39765	39984	38863	38630	40831	40092	39507
28	100	30343	28241	28486	25769	26349	24092	29349	29792	35853	38235
28	1000	27276	13907	14882	9674	13057	13513	14858	22189	25296	33967
28	10000	24617	8895	8809	3978	6048	5497	8336	13570	18509	32811
29	1	40958	43381	42642	43974	44021	42991	43190	40434	42824	41206
29	10	39411	39834	40238	41886	42972	39215	40720	40434	39773	40729
29	100	31335	26445	29438	24836	26715	26424	28346	32574	36486	36704
29	1000	25373	15178	15462	9552	12922	14347	13835	21730	26660	35802
29	10000	24090	10086	9063	4512	6324	7517	8948	13084	18413	32016
30	1	44135	40702	42292	44629	39402	42965	42392	44852	42727	44277
30	10	41741	38305	39129	41903	37285	40815	39305	40487	39526	40009
30	100	29096	28210	26790	28595	28156	27453	29565	33515	37572	39486
30	1000	26855	16831	14263	12466	13504	13498	15871	22110	27494	35928
30	10000	23476	9988	8802	4565	6134	7252	9793	13449	19229	33595
31	1	43177	42245	43219	43948	42571	44433	43159	42728	42583	42710
31	10	42453	36942	41377	41132	40016	38687	39140	37816	41693	41446
31	100	32638	25955	27420	26358	28919	27090	26849	30139	35309	40135
31	1000	29643	14032	15850	11181	12145	13359	16034	19413	26382	35676
31	10000	26878	9818	7912	4387	6469	6784	8703	12486	18471	33439
32	1	42784	41641	43061	43758	42314	43357	43319	41564	43089	43599
32	10	37546	37096	39347	40168	40840	41201	40089	38751	39095	41383
32	100	31181	26735	26795	26389	26431	23467	27327	31962	36747	35881
32	1000	23214	14616	13509	10678	13336	13017	15458	21667	24464	33739
32	10000	21811	8885	8199	4191	5971	6160	8421	12015	16853	32621
33	1	42184	42834	40460	43353	41811	43816	42439	40243	41804	42451
33	10	41017	40324	39529	41011	38870	41826	38445	38434	41147	40876
33	100	30418	26739	29995	27011	27437	28347	24683	33168	35647	38843
33	1000	27952	16046	15091	12120	13324	13077	12985	19897	26456	36720
33	10000	25948	10226	8916	4365	6380	6547	8862	11862	16855	33065
34	1	42088	41479	43588	44208	43066	41310	42264	40513	41971	43940
34	10	39740	38323	41736	40885	40324	39788	39750	39785	39283	41168
34	100	33560	26202	29869	27372	26544	28732	26838	32502	37052	39807
34	1000	29600	15864	14113	11218	14061	14669	15692	19821	27092	35322
34	10000	26496	10548	8277	4658	6274	6122	8560	12366	16938	30383
35	1	41921	43325	44056	43214	42946	42633	42955	42218	43449	43966
35	10	38991	38106	41277	41561	38728	39293	39955	38256	39820	41833
35	100	31927	29909	28971	28286	26055	27818	28163	32045	34855	38934
35	1000	26467	16628	13521	11802	13177	13638	15907	21452	26373	36491
35	10000	24262	9937	8960	4867	7378	6978	9645	14337	16846	31021
36	1	42711	41739	43417	41210	42916	43411	42942	43027	42334	42925
36	10	41270	38733	39499	38941	37900	40955	39726	40377	40383	42474
36	100	27457	29530	24941	25717	24160	26036	26774	27423	33791	37939
36	1000	24518	15344	13971	9264	12867	12729	14866	20188	24875	34494
36	10000	22381	8821	8710	4260	5487	6910	9046	12139	15723	32845
37	1	42791	40503	42703	41988	41753	40246	40506	39726	41753	40955
37	10	40393	38373	40591	39707	38261	38908	37262	37781	38918	38333
37	100	30592	24166	26840	25166	25200	25992	25284	30369	33629	36107
37	1000	24972	14055	15510	9290	13056	12039	14340	20621	23008	34204
37	10000	20876	8762	7484	4481	5940	6292	7617	11756	15396	31862
38	1	41591	43020	43367	40555	43608	42196	41683	41876	42253	40809
38	10	40392	40419	40490	39183	41867	39477	39446	38978	39892	40809
38	100	34226	29813	28609	25354	26763	27035	27648	27781	34092	38056
38	1000	27599	16803	13617	10539	13078	12143	15346	21913	25060	35206
38	10000	24725	10437	8102	4145	6254	6008	8828	11811	18579	31472
39	1	41740	41772	41614	40716	43162	43909	43647	42008	39570	42824
39	10	38990	39635	39977	38404	41669	42225	39525	38381	39570	40819
39	100	28630	27489	28297	24885	26922	27967	26132	29579	36970	38055
39	1000	24970	15358	12885	10397	13490	12706	15030	20574	26186	36429
39	10000	22797	9402	7824	4420	5648	6058	8405	14186	16199	32142
40	1	43954	43676	40668	39387	41309	42734	41262	38152	41821	42208
40	10	41401	41862	39961	36099	39102	39592	38612	36723	40409	40685
40	100	31432	28384	26875	24866	27069	25086	28711	29551	34251	37044
40	1000	28374	15465	15232	10634	13143	12344	14056	18198	25213	36448
40	10000	25053	9685	8357	4748	6058	6841	7503	13082	14319	32204
41	1	43766	42943	43150	43524	43315	39396	42770	41351	43810	41016
41	10	40839	40503	39339	40303	41284	36616	41298	37709	41316	40624
41	100	32191	26819	29408	26361	26097	24672	27155	29160	35232	37265
41	1000	28705	14578	13303	9921	13977	13077	13674	20820	23669	36874
41	10000	24445	8433	8269	3881	6086	6214	8067	14236	16615	33945
42	1	39214	44231	41286	42443	40057	41830	41928	42862	42942	41363
42	10	37738	39293	38853	40954	37686	39183	39440	40588	38615	41202
42	100	31417	27783	23990	27933	24544	27178	28425	28522	33624	35549
42	1000	27282	14104	12849	10945	13452	12538	14288	21799	26259	34434
42	10000	24077	9003	8441	4827	6164	6167	9010	12103	17498	32516
43	1	43073	41881	42665	42176	43027	44178	42974	42439	42600	42515
43	10	39910	38643	40470	39685	39817	40914	40401	40247	38793	39529
43	100	30059	26614	24961	23626	25499	25156	29336	31364	33760	37280
43	1000	25759	14652	14137	10334	12053	11347	15236	21808	28105	35639
43	10000	24022	10443	7991	4233	6368	6098	8508	11927	17027	33817
44	1	41538	40957	41578	41456	41130	39080	40464	39794	42971	40462
44	10	39837	37649	38310	38545	39598	36245	37236	38004	38798	40462
44	100	25839	27772	25632	25068	28284	24292	28166	29076	35457	37711
44	1000	21924	14946	13060	9961	13094	12767	13915	21128	26249	32645
44	10000	19082	8567	9198	3699	5793	6177	8129	14387	16092	31437
45	1	40038	44236	43798	43098	43619	42290	42548	44402	43470	42690
45	10	39250	42200	40829	41456	41882	39924	37484	41782	41987	41803
45	100	32497	29067	27468	26590	27283	26674	27574	29370	35557	37893
45	1000	29215	16101	14948	10495	13854	12705	13741	18874	26967	35601
45	10000	23804	10098	9749	4067	6372	6266	8272	12822	19370	33240
46	1	42041	43040	43884	42837	42867	41433	42020	42151	41549	40436
46	10	39977	39502	42545	38975	39890	38526	37681	39938	40396	39218
46	100	32566	25613	27930	23278	24885	23249	25044	30278	35683	39218
46	1000	25544	17322	13818	9898	11408	12159	14007	21247	26513	35459
46	10000	23795	9197	8449	4799	5735	5437	8313	12944	18279	32535
47	1	42810	42565	39935	43295	43645	42458	43374	42652	44010	44191
47	10	40852	39709	36545	40417	39988	40089	39404	39505	41435	41768
47	100	30138	26272	26822	26780	29108	25749	28275	33178	36342	39040
47	1000	26427	13997	13815	9504	13816	13500	14861	21093	25875	35141
47	10000	23997	9644	7444	4233	6505	5242	9495	12857	17325	33009
48	1	43047	44130	42847	43562	36397	40741	41110	43201	40555	42256
48	10	40907	41671	39742	41555	33876	39495	37041	40314	40252	40463
48	100	30824	29733	25863	23399	22719	25661	26483	30094	36398	38651
48	1000	28573	14330	13746	10085	10538	13560	13657	20206	23554	34346
48	10000	23737	9443	7682	4122	5951	6216	7518	11820	15544	32084
49	1	43145	40559	41611	43770	43939	42797	42420	41493	42651	43868
49	10	39886	39200	38743	41877	40646	39987	39432	38270	39959	41903
49	100	31631	27490	28912	26070	26904	28508	27768	31595	35196	39125
49	1000	25036	15097	13933	10958	13880	13413	15217	22877	25483	36000
49	10000	23745	8881	8156	4355	6519	6087	9192	14234	16037	33117
50	1	42614	43082	43532	40653	41029	43266	43941	41947	42030	43517
50	10	39313	40292	40553	37085	38576	40350	39846	39014	40374	41231
50	100	31030	26529	27845	26553	26481	26868	26814	29377	36678	37613
50	1000	27226	13816	14096	9030	11898	12472	16168	21310	23502	33445
50	10000	26346	8722	8198	4187	5604	5873	8556	12228	16601	32221
51	1	42773	43327	42134	43124	42209	43901	42814	40779	44374	40672
51	10	39204	39618	39041	40243	38383	41076	40903	39742	40086	39383
51	100	32322	29495	25668	27846	23326	27034	27266	30632	31865	36890
51	1000	24871	14601	11584	8894	14256	14469	15537	17343	22165	35016
51	10000	22181	8723	8277	4784	6201	6388	8576	11383	14459	32336
52	1	42974	42298	42286	44093	43658	42442	44596	40896	44907	40627
52	10	39933	37769	39202	40484	40487	40251	41143	39353	41826	39921
52	100	30223	27443	28174	25615	26912	29196	30402	29220	33401	39564
52	1000	25436	15258	15212	9331	11870	13014	15547	20668	26554	37054
52	10000	22929	9439	8677	3988	6353	6740	8496	12094	17639	33731
53	1	40767	43542	43359	43701	43996	44404	41591	44261	44149	43305
53	10	38644	41615	41213	40643	42124	39345	40730	39491	39783	41085
53	100	28719	29972	28172	27424	28768	26790	26184	31185	38709	40578
53	1000	23283	16303	14112	10508	13507	13202	16080	18394	27683	37564
53	10000	21151	10638	8982	4523	6668	6413	8161	12031	20175	32362
54	1	42509	43026	42749	40999	42872	43988	39100	44248	43018	42325
54	10	39905	39119	39142	39700	39988	40445	36975	41219	41710	40390
54	100	32383	28865	27579	25351	28407	27930	25034	33109	36000	38132
54	1000	27263	14878	14836	10297	12014	12546	14753	22469	24710	33100
54	10000	25165	9667	9616	4870	6002	7360	8672	13296	18703	32950
55	1	42253	43112	41889	38361	40644	43206	44092	42655	39521	42121
55	10	40362	38579	40197	35285	38600	40390	42022	39411	38646	41256
55	100	29926	24322	26258	23429	26456	26508	26160	32541	33157	37419
55	1000	23780	14579	15571	9340	11148	12052	14860	21167	22142	35910
55	10000	22125	8346	7988	4210	5155	5657	7976	12636	16486	29807
56	1	41805	44466	42401	38863	42799	43563	43454	42804	43537	44049
56	10	37723	39965	41284	37467	42009	41726	41884	40431	42267	41360
56	100	29933	27697	30294	27692	27664	30928	29126	34144	33531	38541
56	1000	25386	18196	16832	10945	14897	12866	16843	22935	26711	35730
56	10000	23788	9912	9886	4674	5522	6501	8744	14351	16044	31065
57	1	42019	42800	41874	40428	42968	42289	41185	41206	40101	43909
57	10	41604	40394	39663	38598	39643	39302	39599	39994	40101	41378
57	100	30006	26349	28834	27264	28255	25878	27118	32457	34049	38418
57	1000	27856	15027	13738	11054	11876	13141	15811	21291	27158	35163
57	10000	23987	10200	8663	3982	6515	5866	8503	12864	17080	33419
58	1	41935	45183	44395	43058	41681	42518	42070	44112	43915	42834
58	10	39260	41433	41060	42488	35749	38134	41353	41494	41595	42828
58	100	34488	27237	29430	26545	26435	24805	28504	31294	34898	38397
58	1000	29220	14389	13590	10865	13080	12346	16503	20788	26228	34862
58	10000	27545	9336	8397	5070	5785	6464	8436	13047	20220	33501
59	1	38660	42228	38093	42589	44239	40892	43335	44251	40446	41766
59	10	37168	38349	35450	38838	40992	39001	39626	40393	37125	40008
59	100	32449	27196	26392	24465	29300	24510	25383	32766	32461	37032
59	1000	28706	15244	12497	8987	12140	12827	13645	21203	24198	35523
59	10000	25924	9688	8366	4332	5554	6942	8484	11519	16251	33183
60	1	42295	41305	43324	41214	41959	40973	41693	41243	41531	43293
60	10	39915	38124	41362	39512	38763	38498	37512	38766	38925	39423
60	100	31975	27637	27685	26016	24688	27444	25821	32611	36159	38722
60	1000	26848	15140	14497	9435	12081	13840	13796	20387	25638	35371
60	10000	25447	9832	7903	4271	6158	6315	7847	12779	19176	32353
61	1	43892	43570	43730	44324	43627	45256	44332	41803	43685	44531
61	10	41711	41571	42440	42699	42307	41994	41382	38174	39820	41697
61	100	32708	26858	28264	27761	26558	28021	29383	30438	36814	38854
61	1000	25374	14520	14452	11381	13653	12089	15398	22129	27678	35722
61	10000	23410	8931	8555	4523	7092	6803	9026	12052	19305	32697
62	1	44221	40810	39511	41127	42483	41221	40998	41064	42481	42257
62	10	42285	38657	36672	38276	40143	38694	37455	40022	37874	39756
62	100	30764	27228	26606	25317	25086	25992	25328	33025	34617	38575
62	1000	22185	16041	13005	11229	12514	12855	15533	20820	26736	34445
62	10000	19615	8228	8577	4103	6130	6190	8164	10875	17506	30820
63	1	40717	43095	42857	39079	43876	43218	43276	43772	43400	44101
63	10	38494	39017	39328	36524	39715	40172	38743	40789	41941	41982
63	100	31326	28542	26431	22662	28512	24970	26566	28989	35060	37278
63	1000	25673	16914	14963	11426	13324	12815	16778	21002	26809	35705
63	10000	21832	10256	8880	4626	5674	6964	8665	15604	16602	33070
64	1	44772	42175	44925	43063	43662	43686	43693	42989	43987	43893
64	10	42573	40758	40019	40657	40052	40392	41309	39582	41718	39722
64	100	31899	23287	27488	26471	28490	25342	28339	32096	32197	37045
64	1000	26658	14724	13237	10290	13483	12230	13967	20624	23482	36160
64	10000	25202	9637	8575	3998	6127	5990	7297	12149	16103	32401
65	1	43948	43942	40835	43810	44605	43246	41238	42307	41564	42834
65	10	41613	40630	39279	41500	40657	39201	39881	38950	40002	38137
65	100	32340	27327	27452	30771	26707	28586	25093	29359	33300	37816
65	1000	27658	15069	13971	10446	12970	13601	15448	22906	23993	34507
65	10000	24189	8699	8365	4145	6003	6367	8425	12278	16654	33114
66	1	42280	43290	42944	42772	43644	43898	42818	38449	44222	43356
66	10	41061	39974	39921	39658	41442	40483	39611	35713	40966	40499
66	100	31424	27616	26542	25016	28998	25793	27230	30813	36835	39614
66	1000	27250	15455	15141	9800	13074	13320	16118	19702	24588	32118
66	10000	25459	9948	8264	4177	6486	6795	8256	13832	15212	32118
67	1	40049	44648	40832	39754	39211	39936	43569	43722	42309	43568
67	10	38834	41933	39209	38301	36673	38627	41201	42088	42309	41666
67	100	29570	30564	30007	24840	26604	27108	27581	33386	34955	36856
67	1000	26330	15577	14708	11059	11928	15037	15050	22278	26102	35603
67	10000	21231	9679	8458	4467	6435	6763	8559	13796	17496	33041
68	1	42986	41554	43235	44770	41267	42720	44803	42019	42342	44145
68	10	40606	39126	39802	41569	38020	40063	40248	39392	39239	39680
68	100	32579	28362	28272	27725	27349	25973	28520	28773	34953	36027
68	1000	28608	14326	13039	9900	12544	12481	16723	20610	24877	36027
68	10000	23548	9514	8046	4212	5876	6127	8604	12002	17924	32899
69	1	41124	42735	41778	44608	38924	43719	41343	42619	42030	42329
69	10	38763	39469	39700	42416	37332	41605	37790	39520	40128	40391
69	100	30258	23449	26613	26663	25698	28671	25924	29866	33632	37091
69	1000	28479	13825	15550	9776	13019	13909	14276	20967	24614	35580
69	10000	23758	9320	9024	4626	5756	5933	8160	13378	18836	34010
70	1	44023	43913	43481	43722	44832	41542	42424	44181	42704	41206
70	10	41841	40219	41857	41197	42352	39515	39712	36856	40161	39026
70	100	31396	29688	26745	26125	26513	25468	27330	31822	36335	37350
70	1000	25539	16236	14678	10242	13170	13749	15185	21923	26068	34042
70	10000	25063	9232	7835	3824	6741	6563	8815	12879	19285	33366
71	1	42262	42141	41414	42426	41113	40683	44623	42062	41556	40670
71	10	39994	38823	40185	39539	37558	37891	40007	41259	38878	40670
71	100	31599	26332	27347	27816	28066	28345	27555	31780	31390	37933
71	1000	28428	16245	13963	10455	13123	13204	12875	22336	24906	32747
71	10000	22270	9538	8414	4656	5650	6413	8242	14138	15916	31703
72	1	44332	42815	42962	39797	41877	43361	44054	43191	42585	43065
72	10	40094	40695	39080	36502	41288	40272	41014	41634	39071	41364
72	100	32596	27869	25853	24967	27963	25326	26039	34216	34716	37667
72	1000	30218	17215	14919	11005	13880	13082	14482	22759	22818	34406
72	10000	24937	9937	9056	5029	6478	7579	9303	14951	18701	34055
73	1	44755	42963	44494	43120	43238	42464	44190	42590	43501	40344
73	10	43564	39215	41694	39785	41214	39723	40874	40747	41795	39596
73	100	34074	27996	29819	24183	28678	30038	25040	29662	35870	37688
73	1000	28613	14799	12681	10662	12978	11860	13743	19389	27926	35123
73	10000	27065	8130	8239	3689	6034	5080	7444	12191	20643	32190
74	1	42624	40137	40926	43521	42730	40837	41080	43786	43935	41059
74	10	40590	38110	39080	40329	41192	37656	38811	38173	39154	39268
74	100	29261	28501	26913	24282	30704	25744	27385	31880	35547	38295
74	1000	25236	15224	14488	9955	11880	12725	14892	19632	25720	33467
74	10000	22854	8161	9545	4194	6190	5798	7835	12824	18416	32181
75	1	42558	41339	41213	41903	42432	42346	40982	41563	41884	40852
75	10	41036	39066	39041	38642	37938	39703	39337	39321	40602	40740
75	100	29870	27720	27398	27839	25526	25088	24741	29286	34094	38537
75	1000	26283	15486	14002	11636	11524	13561	14217	18293	26749	35769
75	10000	24704	9137	8705	3755	5145	5915	7634	13690	15662	32379
76	1	41531	42479	41980	42120	43719	40913	42335	40655	42845	41499
76	10	37768	38771	40751	40547	41609	38642	40774	39447	37963	40492
76	100	25828	25457	27763	27959	25835	26587	27069	31532	34881	38243
76	1000	23925	15776	12756	10198	12587	13561	13623	20869	26520	36126
76	10000	21792	9922	8339	4520	6294	7021	9452	13340	19619	33934
77	1	41274	42743	44505	42269	44743	43496	41715	41528	41790	42378
77	10	38126	39992	41095	40686	42833	40652	39740	39921	39293	41529
77	100	31000	28477	26021	25718	26676	25542	25858	32639	35135	37141
77	1000	24888	15717	13525	10203	13872	13450	15234	21309	27562	35395
77	10000	21158	10336	7992	4381	6582	6250	8841	13463	20290	31922
78	1	41103	44753	43382	33987	45585	43120	42198	42902	43171	42597
78	10	38977	40851	41195	31687	41861	40378	39503	40313	42101	41727
78	100	28041	28048	28042	24901	27127	26544	26024	29972	36430	38332
78	1000	24448	14404	14610	9929	11989	12956	15119	19525	25642	37051
78	10000	23435	9746	10153	4948	6485	6227	8379	12194	17097	33088
79	1	44055	42142	42539	39468	44342	44482	44707	44809	44281	40895
79	10	40465	38496	39228	34895	41709	38975	41099	37476	40436	38936
79	100	32467	27694	28729	21809	25989	25625	29397	30298	33649	37561
79	1000	28931	15920	13604	9522	13434	13473	15991	22416	25751	36111
79	10000	26577	10072	8327	3513	5890	6031	7392	12442	16326	32355
80	1	42664	44622	37602	43618	41757	42422	41021	41914	40417	44213
80	10	40373	41895	35759	41741	39349	41637	38866	39721	40417	38974
80	100	29246	28529	25898	28365	26742	27890	25871	29251	35130	38238
80	1000	24909	16554	15759	11294	13172	13483	15222	21693	22622	33982
80	10000	24526	9930	7330	4738	7401	7106	8438	14367	16351	32514
81	1	42003	40918	42442	41275	42736	43091	42517	42980	42791	43438
81	10	39750	36605	39961	38831	40369	40503	41611	41233	39968	41480
81	100	31586	28178	29517	25244	27161	27589	26626	29981	32068	38072
81	1000	26978	15441	14634	10014	13862	14057	15633	21058	24090	35968
81	10000	22166	11138	8832	4057	5552	6193	8362	13699	16926	33514
82	1	44523	42086	42980	40306	41918	43196	44318	41555	43439	42408
82	10	42190	38924	40368	38052	39688	41080	40359	39223	41202	40915
82	100	33579	27785	30696	25068	26673	26202	27933	32603	34495	39215
82	1000	29256	15912	14431	9662	12086	12198	14187	23884	24329	36034
82	10000	26201	9496	8177	5118	6534	7136	7950	13280	19932	33148
83	1	43311	43419	44130	43025	43916	42331	40658	42654	43421	43025
83	10	40090	40459	41922	40551	41205	39323	37864	40414	41124	42207
83	100	28903	27473	26734	26838	26204	26552	27834	33026	34589	39445
83	1000	23361	15876	13660	9539	12150	14472	15833	19794	24905	35688
83	10000	21254	9112	7976	4591	5971	6964	6999	11548	16933	33141
84	1	41959	42188	41065	41745	40460	42262	40745	43321	43788	42403
84	10	39453	40456	38652	39441	37393	40533	38275	42018	39954	38986
84	100	30576	26779	27836	27390	24136	27454	26995	31715	32671	37244
84	1000	26499	17259	15824	9754	11477	11798	14220	21986	26038	36893
84	10000	25585	9517	8457	4602	6552	6250	8819	13388	18953	32114
85	1	43906	45129	44167	42854	41866	43062	43406	43407	44037	43655
85	10	40708	40599	39879	39766	39094	40309	40425	38932	40928	40196
85	100	33837	27927	26755	26510	23859	23797	26892	34690	33244	38783
85	1000	27875	15732	14282	10831	12920	12464	14878	21824	24092	36008
85	10000	25920	9868	8845	4519	6501	6859	7806	12942	15803	34456
86	1	42262	41525	43059	42534	42623	42135	43227	41536	42892	40363
86	10	38492	39469	39712	40218	39176	37877	41327	39009	42131	40011
86	100	28735	28364	25826	26576	25017	26062	27311	32705	34531	37217
86	1000	24044	14931	15316	11281	12845	13299	16271	21461	27798	36684
86	10000	22457	8112	7856	4081	6222	6437	7907	13760	19003	32220
87	1	43228	40532	41010	43899	41806	41586	42024	42077	42823	42744
87	10	40956	38142	40499	42640	38053	37567	40245	39243	40872	40715
87	100	31778	25760	26627	26097	27008	25797	31419	27764	36597	39133
87	1000	28062	16498	12239	8692	11202	13082	15613	18373	25899	34772
87	10000	23994	10563	8517	3681	5537	6595	8334	11876	19071	33686
88	1	45069	40797	44874	41710	44017	42603	42181	43568	42249	41500
88	10	42173	38393	39838	39182	40372	39958	40117	39022	40372	41500
88	100	33484	27670	26146	26053	26672	24702	29976	31977	33074	37164
88	1000	28984	15715	13772	11595	12792	14581	17422	21219	25873	35510
88	10000	26144	9904	10226	4372	5744	6559	7875	12365	17192	33412
89	1	42390	41563	41796	41811	43461	41023	43372	42443	43594	41303
89	10	40646	39820	38500	39897	41544	39959	42098	36435	39915	41303
89	100	31154	25571	26751	23945	28700	26222	27442	28827	32245	39534
89	1000	24054	15931	15284	10596	12092	12261	14654	22086	24058	35769
89	10000	21829	9582	8941	3828	6148	6597	7729	13051	16782	33215
90	1	41518	41647	41972	41712	43472	43037	43404	42921	43072	43624
90	10	38797	40265	39467	40106	38841	40191	41087	39469	40770	41344
90	100	32258	27801	27269	24922	26138	25722	28931	31595	37091	38401
90	1000	27198	15548	14207	9875	14610	12950	16732	20702	26981	36260
90	10000	24869	9001	8251	4155	6086	6624	8319	14091	16292	33281
91	1	42737	43150	41539	42808	42008	42765	41019	43458	42012	42608
91	10	40664	39483	37853	40896	40476	39988	37684	41252	41095	40104
91	100	32793	26369	26132	26230	26514	25291	26431	32687	34014	38205
91	1000	30567	15304	15560	11534	13479	13685	15891	21709	26655	34288
91	10000	27532	9852	8188	4226	6101	7030	9029	14279	18791	33165
92	1	43149	42168	42971	43639	44969	40862	41737	43297	42670	42707
92	10	41051	40553	40630	40905	42903	39464	39831	41390	41629	40295
92	100	33359	28083	28409	25762	25975	27348	27243	31569	34404	38439
92	1000	26455	17042	15928	11068	12753	14823	15164	21047	24700	36352
92	10000	24667	10957	9228	4801	5879	6124	9386	12740	19069	32805
93	1	42168	42949	44414	43333	43613	40747	42674	41112	41109	41043
93	10	39850	41100	40312	39476	41369	38985	40102	36673	38879	40896
93	100	30646	28908	26252	26130	27798	26901	28851	30004	34152	38673
93	1000	26916	15242	13730	10329	11805	14108	15382	19296	27770	37088
93	10000	25059	9703	7528	4087	6290	6323	9420	12610	16662	32712
94	1	42110	42126	42082	44314	43888	43642	42727	41982	41957	42239
94	10	39888	39539	39116	40452	41168	40785	39378	40343	40897	39708
94	100	26986	25237	27845	27615	25823	25438	27783	31761	36118	36615
94	1000	21332	15080	12173	10697	13276	13602	15506	19070	24973	35785
94	10000	19809	10321	8203	4279	5778	5988	8141	12389	17733	31271
95	1	43663	42007	41756	41552	43824	41473	42251	41675	43047	40766
95	10	40799	39877	40745	39290	41699	38659	39008	41034	40375	38670
95	100	32492	28835	26191	27791	28466	27215	27676	30919	36888	38670
95	1000	27246	17394	14369	10095	13398	14376	14475	19933	24923	36118
95	10000	25462	9651	8822	4919	6292	6503	8362	12981	18131	31811
96	1	42331	42992	41619	42180	42660	42800	41282	41376	38572	43295
96	10	40331	40225	39861	40399	39705	39253	37854	38243	37836	42116
96	100	32929	26990	26574	28271	26129	27134	24519	31812	34485	35745
96	1000	28327	15667	15069	10341	12711	14141	13310	19666	26318	35012
96	10000	25023	10507	8292	4277	5637	6338	7825	11485	17693	32696
97	1	43399	43825	43163	41359	43431	42329	41770	42718	42905	41940
97	10	41339	40948	41794	38719	41182	40019	39260	39773	41295	41940
97	100	27570	29121	27538	27820	26405	25507	26748	32525	36451	39246
97	1000	23324	16689	14199	10455	14672	13294	16005	21507	24622	37008
97	10000	21654	9974	8548	4235	6143	6957	7926	12965	18415	32548
98	1	41556	41351	41648	44046	43856	44046	43098	45229	41355	40630
98	10	38860	38379	39682	40613	41902	39419	40156	40180	39419	37480
98	100	28323	28172	28194	23906	28229	26918	30016	31976	35965	37286
98	1000	26585	15477	13945	9867	13039	12689	15323	21425	24829	34667
98	10000	23098	8407	7478	4027	5923	6174	7490	11929	14484	34203
99	1	41596	42147	43312	43494	41685	42923	42573	41389	42482	41906
99	10	39000	39392	38451	41830	39596	40241	40594	39886	41317	40397
99	100	29050	26006	26511	25798	26060	26775	27823	32157	35045	38020
99	1000	26581	14639	14426	9438	12715	11593	15143	21155	26168	36061
99	10000	22131	9976	8262	4052	5578	6229	9412	12150	17378	33789
100	1	44157	42195	42747	40234	41475	44315	42167	42556	43328	43244
100	10	41601	40037	38497	38029	39506	42383	38411	38124	40630	40962
100	100	28301	27509	27915	27058	28101	25530	26175	30525	34743	39368
100	1000	21724	15964	15159	9862	13135	11363	14552	22099	23428	34115
100	10000	21068	9334	8531	4551	6050	6089	8596	13371	18072	32569
